FY,FY_date,FY_date_ordinal,Month_proxy,Region_proxy,Component_proxy,Land_proxy,City_proxy,Area_proxy,Drug_proxy,Count,Weight
2019,2019-04-01,737150,4,1,1,3,19,25,1,1,2
2019,2019-08-01,737272,8,1,1,3,19,25,1,1,0
2020,2020-08-01,737638,8,1,1,3,19,25,1,2,4
2020,2020-06-01,737577,6,1,1,3,19,25,1,1,4
2020,2020-05-01,737546,5,1,1,3,19,25,1,1,0
2021,2021-08-01,738003,8,1,1,3,19,25,1,1,0
2021,2021-12-01,738125,12,1,1,3,19,25,1,1,2
2021,2021-07-01,737972,7,1,1,3,19,25,1,1,1
2021,2021-03-01,737850,3,1,1,3,19,25,1,1,0
2022,2022-04-01,738246,4,1,1,3,19,25,1,2,0
2022,2022-12-01,738490,12,1,1,3,19,25,1,1,12
2022,2022-02-01,738187,2,1,1,3,19,25,1,1,22
2022,2022-01-01,738156,1,1,1,3,19,25,1,1,13
2022,2022-06-01,738307,6,1,1,3,19,25,1,1,1
2022,2022-11-01,738460,11,1,1,3,19,25,1,3,4
2023,2023-04-01,738611,4,1,1,3,19,25,1,2,6
2023,2023-12-01,738855,12,1,1,3,19,25,1,1,1
2023,2023-07-01,738702,7,1,1,3,19,25,1,3,10
2023,2023-06-01,738672,6,1,1,3,19,25,1,1,0
2023,2023-05-01,738641,5,1,1,3,19,25,1,1,2
2024,2024-12-01,739221,12,1,1,3,19,25,1,1,0
2019,2019-04-01,737150,4,1,1,3,7,10,1,6,1
2019,2019-08-01,737272,8,1,1,3,7,10,1,3,13
2019,2019-12-01,737394,12,1,1,3,7,10,1,1,0
2019,2019-02-01,737091,2,1,1,3,7,10,1,6,0
2019,2019-01-01,737060,1,1,1,3,7,10,1,1,0
2019,2019-07-01,737241,7,1,1,3,7,10,1,1,0
2019,2019-06-01,737211,6,1,1,3,7,10,1,2,8
2019,2019-03-01,737119,3,1,1,3,7,10,1,3,11
2019,2019-05-01,737180,5,1,1,3,7,10,1,1,0
2019,2019-11-01,737364,11,1,1,3,7,10,1,3,0
2019,2019-10-01,737333,10,1,1,3,7,10,1,2,0
2019,2019-09-01,737303,9,1,1,3,7,10,1,2,10
2020,2020-04-01,737516,4,1,1,3,7,10,1,16,11
2020,2020-08-01,737638,8,1,1,3,7,10,1,7,50
2020,2020-12-01,737760,12,1,1,3,7,10,1,1,0
2020,2020-02-01,737456,2,1,1,3,7,10,1,5,2
2020,2020-01-01,737425,1,1,1,3,7,10,1,8,3
2020,2020-07-01,737607,7,1,1,3,7,10,1,4,19
2020,2020-06-01,737577,6,1,1,3,7,10,1,1,0
2020,2020-03-01,737485,3,1,1,3,7,10,1,5,7
2020,2020-05-01,737546,5,1,1,3,7,10,1,3,2
2020,2020-11-01,737730,11,1,1,3,7,10,1,1,0
2020,2020-10-01,737699,10,1,1,3,7,10,1,1,0
2020,2020-09-01,737669,9,1,1,3,7,10,1,2,0
2021,2021-04-01,737881,4,1,1,3,7,10,1,6,2
2021,2021-08-01,738003,8,1,1,3,7,10,1,2,2
2021,2021-12-01,738125,12,1,1,3,7,10,1,3,5
2021,2021-02-01,737822,2,1,1,3,7,10,1,3,1
2021,2021-01-01,737791,1,1,1,3,7,10,1,6,3
2021,2021-07-01,737972,7,1,1,3,7,10,1,2,0
2021,2021-06-01,737942,6,1,1,3,7,10,1,1,0
2021,2021-03-01,737850,3,1,1,3,7,10,1,6,5
2021,2021-05-01,737911,5,1,1,3,7,10,1,13,10
2021,2021-11-01,738095,11,1,1,3,7,10,1,1,0
2021,2021-10-01,738064,10,1,1,3,7,10,1,12,19
2021,2021-09-01,738034,9,1,1,3,7,10,1,11,117
2022,2022-04-01,738246,4,1,1,3,7,10,1,17,4
2022,2022-08-01,738368,8,1,1,3,7,10,1,8,17
2022,2022-12-01,738490,12,1,1,3,7,10,1,8,67
2022,2022-02-01,738187,2,1,1,3,7,10,1,5,23
2022,2022-01-01,738156,1,1,1,3,7,10,1,3,4
2022,2022-07-01,738337,7,1,1,3,7,10,1,5,39
2022,2022-06-01,738307,6,1,1,3,7,10,1,4,21
2022,2022-03-01,738215,3,1,1,3,7,10,1,7,3
2022,2022-05-01,738276,5,1,1,3,7,10,1,1,0
2022,2022-11-01,738460,11,1,1,3,7,10,1,5,14
2022,2022-10-01,738429,10,1,1,3,7,10,1,7,127
2022,2022-09-01,738399,9,1,1,3,7,10,1,8,23
2023,2023-04-01,738611,4,1,1,3,7,10,1,2,2
2023,2023-08-01,738733,8,1,1,3,7,10,1,3,7
2023,2023-12-01,738855,12,1,1,3,7,10,1,1,4
2023,2023-02-01,738552,2,1,1,3,7,10,1,1,0
2023,2023-01-01,738521,1,1,1,3,7,10,1,3,2
2023,2023-07-01,738702,7,1,1,3,7,10,1,2,7
2023,2023-06-01,738672,6,1,1,3,7,10,1,1,3
2023,2023-03-01,738580,3,1,1,3,7,10,1,2,2
2023,2023-05-01,738641,5,1,1,3,7,10,1,3,12
2023,2023-11-01,738825,11,1,1,3,7,10,1,12,23
2023,2023-10-01,738794,10,1,1,3,7,10,1,5,7
2023,2023-09-01,738764,9,1,1,3,7,10,1,2,5
2024,2024-12-01,739221,12,1,1,3,7,10,1,5,20
2024,2024-01-01,738886,1,1,1,3,7,10,1,3,12
2024,2024-11-01,739191,11,1,1,3,7,10,1,1,2
2024,2024-10-01,739160,10,1,1,3,7,10,1,1,1
2019,2019-04-01,737150,4,1,1,3,32,43,1,3,0
2019,2019-08-01,737272,8,1,1,3,32,43,1,1,0
2019,2019-12-01,737394,12,1,1,3,32,43,1,1,0
2019,2019-06-01,737211,6,1,1,3,32,43,1,2,0
2019,2019-03-01,737119,3,1,1,3,32,43,1,1,0
2019,2019-11-01,737364,11,1,1,3,32,43,1,1,0
2019,2019-09-01,737303,9,1,1,3,32,43,1,3,1
2020,2020-08-01,737638,8,1,1,3,32,43,1,1,0
2020,2020-07-01,737607,7,1,1,3,32,43,1,2,0
2020,2020-06-01,737577,6,1,1,3,32,43,1,1,0
2021,2021-05-01,737911,5,1,1,3,32,43,1,1,2
2022,2022-06-01,738307,6,1,1,3,32,43,1,1,1
2022,2022-03-01,738215,3,1,1,3,32,43,1,1,0
2023,2023-04-01,738611,4,1,1,3,32,43,1,1,0
2023,2023-06-01,738672,6,1,1,3,32,43,1,1,0
2023,2023-05-01,738641,5,1,1,3,32,43,1,1,0
2023,2023-11-01,738825,11,1,1,3,32,43,1,1,0
2024,2024-01-01,738886,1,1,1,3,32,43,1,1,0
2019,2019-04-01,737150,4,1,1,3,18,24,1,7,0
2019,2019-08-01,737272,8,1,1,3,18,24,1,30,0
2019,2019-12-01,737394,12,1,1,3,18,24,1,1,0
2019,2019-01-01,737060,1,1,1,3,18,24,1,8,0
2019,2019-07-01,737241,7,1,1,3,18,24,1,22,0
2019,2019-06-01,737211,6,1,1,3,18,24,1,20,0
2019,2019-03-01,737119,3,1,1,3,18,24,1,1,8
2019,2019-11-01,737364,11,1,1,3,18,24,1,3,1
2019,2019-10-01,737333,10,1,1,3,18,24,1,1,0
2019,2019-09-01,737303,9,1,1,3,18,24,1,8,0
2020,2020-08-01,737638,8,1,1,3,18,24,1,1,0
2020,2020-02-01,737456,2,1,1,3,18,24,1,15,0
2020,2020-01-01,737425,1,1,1,3,18,24,1,3,0
2020,2020-06-01,737577,6,1,1,3,18,24,1,1,0
2020,2020-03-01,737485,3,1,1,3,18,24,1,9,0
2020,2020-05-01,737546,5,1,1,3,18,24,1,1,0
2020,2020-11-01,737730,11,1,1,3,18,24,1,5,0
2020,2020-10-01,737699,10,1,1,3,18,24,1,2,0
2021,2021-10-01,738064,10,1,1,3,18,24,1,2,0
2021,2021-09-01,738034,9,1,1,3,18,24,1,1,0
2022,2022-08-01,738368,8,1,1,3,18,24,1,1,0
2022,2022-12-01,738490,12,1,1,3,18,24,1,1,0
2022,2022-02-01,738187,2,1,1,3,18,24,1,1,0
2022,2022-07-01,738337,7,1,1,3,18,24,1,2,8
2022,2022-06-01,738307,6,1,1,3,18,24,1,1,0
2022,2022-03-01,738215,3,1,1,3,18,24,1,1,6
2023,2023-04-01,738611,4,1,1,3,18,24,1,4,8
2023,2023-08-01,738733,8,1,1,3,18,24,1,2,18
2023,2023-02-01,738552,2,1,1,3,18,24,1,1,4
2023,2023-01-01,738521,1,1,1,3,18,24,1,2,3
2023,2023-07-01,738702,7,1,1,3,18,24,1,3,11
2023,2023-05-01,738641,5,1,1,3,18,24,1,2,13
2023,2023-09-01,738764,9,1,1,3,18,24,1,1,1
2024,2024-12-01,739221,12,1,1,3,18,24,1,5,2
2024,2024-01-01,738886,1,1,1,3,18,24,1,3,2
2024,2024-11-01,739191,11,1,1,3,18,24,1,4,5
2024,2024-10-01,739160,10,1,1,3,18,24,1,1,0
2020,2020-04-01,737516,4,1,2,3,18,59,1,1,0
2020,2020-02-01,737456,2,1,2,3,18,59,1,1,0
2021,2021-10-01,738064,10,1,2,3,18,59,1,1,0
2021,2021-09-01,738034,9,1,2,3,18,59,1,1,0
2022,2022-04-01,738246,4,1,2,3,18,59,1,2,0
2023,2023-03-01,738580,3,1,2,3,18,59,1,1,0
2020,2020-01-01,737425,1,1,3,3,18,30,1,1,0
2020,2020-03-01,737485,3,1,3,3,18,30,1,1,0
2020,2020-09-01,737669,9,1,3,3,18,30,1,2,0
2021,2021-11-01,738095,11,1,3,3,18,30,1,1,0
2023,2023-05-01,738641,5,1,3,3,18,30,1,1,42
2019,2019-04-01,737150,4,1,1,3,9,13,1,1,31
2019,2019-08-01,737272,8,1,1,3,9,13,1,1,3
2019,2019-01-01,737060,1,1,1,3,9,13,1,1,0
2019,2019-06-01,737211,6,1,1,3,9,13,1,1,22
2019,2019-03-01,737119,3,1,1,3,9,13,1,1,13
2019,2019-05-01,737180,5,1,1,3,9,13,1,1,2
2020,2020-08-01,737638,8,1,1,3,9,13,1,6,14
2020,2020-12-01,737760,12,1,1,3,9,13,1,1,2
2020,2020-02-01,737456,2,1,1,3,9,13,1,1,2
2020,2020-07-01,737607,7,1,1,3,9,13,1,2,5
2020,2020-06-01,737577,6,1,1,3,9,13,1,3,8
2020,2020-03-01,737485,3,1,1,3,9,13,1,1,2
2020,2020-11-01,737730,11,1,1,3,9,13,1,2,17
2020,2020-10-01,737699,10,1,1,3,9,13,1,1,11
2020,2020-09-01,737669,9,1,1,3,9,13,1,2,10
2021,2021-04-01,737881,4,1,1,3,9,13,1,3,4
2021,2021-08-01,738003,8,1,1,3,9,13,1,2,13
2021,2021-12-01,738125,12,1,1,3,9,13,1,2,16
2021,2021-02-01,737822,2,1,1,3,9,13,1,2,4
2021,2021-01-01,737791,1,1,1,3,9,13,1,3,83
2021,2021-07-01,737972,7,1,1,3,9,13,1,4,54
2021,2021-06-01,737942,6,1,1,3,9,13,1,1,4
2021,2021-03-01,737850,3,1,1,3,9,13,1,3,6
2021,2021-11-01,738095,11,1,1,3,9,13,1,6,22
2021,2021-10-01,738064,10,1,1,3,9,13,1,4,10
2021,2021-09-01,738034,9,1,1,3,9,13,1,2,8
2022,2022-04-01,738246,4,1,1,3,9,13,1,1,1
2022,2022-08-01,738368,8,1,1,3,9,13,1,4,62
2022,2022-12-01,738490,12,1,1,3,9,13,1,1,2
2022,2022-01-01,738156,1,1,1,3,9,13,1,2,5
2022,2022-07-01,738337,7,1,1,3,9,13,1,4,6
2022,2022-06-01,738307,6,1,1,3,9,13,1,2,15
2022,2022-03-01,738215,3,1,1,3,9,13,1,5,14
2022,2022-05-01,738276,5,1,1,3,9,13,1,1,1
2022,2022-11-01,738460,11,1,1,3,9,13,1,2,4
2022,2022-10-01,738429,10,1,1,3,9,13,1,2,7
2022,2022-09-01,738399,9,1,1,3,9,13,1,4,2
2023,2023-08-01,738733,8,1,1,3,9,13,1,2,4
2023,2023-12-01,738855,12,1,1,3,9,13,1,1,2
2023,2023-02-01,738552,2,1,1,3,9,13,1,1,0
2023,2023-01-01,738521,1,1,1,3,9,13,1,2,1
2023,2023-07-01,738702,7,1,1,3,9,13,1,1,2
2023,2023-06-01,738672,6,1,1,3,9,13,1,1,2
2023,2023-03-01,738580,3,1,1,3,9,13,1,1,1
2023,2023-11-01,738825,11,1,1,3,9,13,1,1,22
2023,2023-10-01,738794,10,1,1,3,9,13,1,1,0
2023,2023-09-01,738764,9,1,1,3,9,13,1,1,0
2024,2024-12-01,739221,12,1,1,3,9,13,1,1,0
2024,2024-01-01,738886,1,1,1,3,9,13,1,4,5
2021,2021-10-01,738064,10,1,2,3,9,27,1,1,0
2023,2023-09-01,738764,9,1,2,3,9,27,1,1,48
2024,2024-12-01,739221,12,1,2,3,9,27,1,1,0
2024,2024-10-01,739160,10,1,2,3,9,27,1,1,19
2021,2021-06-01,737942,6,1,3,3,9,39,1,1,0
2021,2021-03-01,737850,3,1,3,3,9,39,1,2,4
2022,2022-04-01,738246,4,1,3,3,9,39,1,1,0
2022,2022-06-01,738307,6,1,3,3,9,39,1,1,0
2022,2022-03-01,738215,3,1,3,3,9,39,1,2,0
2023,2023-08-01,738733,8,1,3,3,9,39,1,2,2
2023,2023-02-01,738552,2,1,3,3,9,39,1,1,1
2023,2023-01-01,738521,1,1,3,3,9,39,1,1,0
2023,2023-06-01,738672,6,1,3,3,9,39,1,2,0
2023,2023-03-01,738580,3,1,3,3,9,39,1,1,1
2024,2024-10-01,739160,10,1,3,3,9,39,1,1,0
2019,2019-04-01,737150,4,1,1,3,21,29,1,1,0
2019,2019-08-01,737272,8,1,1,3,21,29,1,1,0
2019,2019-12-01,737394,12,1,1,3,21,29,1,6,5
2019,2019-01-01,737060,1,1,1,3,21,29,1,1,0
2019,2019-07-01,737241,7,1,1,3,21,29,1,2,1
2019,2019-06-01,737211,6,1,1,3,21,29,1,1,2
2019,2019-03-01,737119,3,1,1,3,21,29,1,5,0
2019,2019-05-01,737180,5,1,1,3,21,29,1,2,0
2019,2019-11-01,737364,11,1,1,3,21,29,1,15,9
2019,2019-10-01,737333,10,1,1,3,21,29,1,5,1
2019,2019-09-01,737303,9,1,1,3,21,29,1,8,0
2020,2020-04-01,737516,4,1,1,3,21,29,1,6,0
2020,2020-08-01,737638,8,1,1,3,21,29,1,4,0
2020,2020-02-01,737456,2,1,1,3,21,29,1,1,0
2020,2020-06-01,737577,6,1,1,3,21,29,1,5,0
2020,2020-03-01,737485,3,1,1,3,21,29,1,17,0
2020,2020-05-01,737546,5,1,1,3,21,29,1,6,4
2020,2020-11-01,737730,11,1,1,3,21,29,1,1,0
2020,2020-10-01,737699,10,1,1,3,21,29,1,9,0
2021,2021-08-01,738003,8,1,1,3,21,29,1,11,0
2021,2021-12-01,738125,12,1,1,3,21,29,1,1,0
2021,2021-02-01,737822,2,1,1,3,21,29,1,2,0
2021,2021-07-01,737972,7,1,1,3,21,29,1,5,0
2021,2021-06-01,737942,6,1,1,3,21,29,1,6,0
2021,2021-03-01,737850,3,1,1,3,21,29,1,4,0
2021,2021-05-01,737911,5,1,1,3,21,29,1,1,0
2021,2021-11-01,738095,11,1,1,3,21,29,1,4,0
2021,2021-10-01,738064,10,1,1,3,21,29,1,1,0
2021,2021-09-01,738034,9,1,1,3,21,29,1,4,0
2022,2022-04-01,738246,4,1,1,3,21,29,1,1,0
2022,2022-08-01,738368,8,1,1,3,21,29,1,1,9
2022,2022-12-01,738490,12,1,1,3,21,29,1,4,0
2022,2022-06-01,738307,6,1,1,3,21,29,1,4,0
2022,2022-03-01,738215,3,1,1,3,21,29,1,1,0
2022,2022-05-01,738276,5,1,1,3,21,29,1,15,0
2022,2022-10-01,738429,10,1,1,3,21,29,1,1,0
2023,2023-04-01,738611,4,1,1,3,21,29,1,1,2
2023,2023-08-01,738733,8,1,1,3,21,29,1,5,14
2023,2023-01-01,738521,1,1,1,3,21,29,1,1,0
2023,2023-07-01,738702,7,1,1,3,21,29,1,1,0
2023,2023-06-01,738672,6,1,1,3,21,29,1,1,2
2023,2023-03-01,738580,3,1,1,3,21,29,1,3,1
2023,2023-05-01,738641,5,1,1,3,21,29,1,2,3
2023,2023-10-01,738794,10,1,1,3,21,29,1,3,0
2024,2024-12-01,739221,12,1,1,3,21,29,1,1,0
2024,2024-01-01,738886,1,1,1,3,21,29,1,2,5
2024,2024-10-01,739160,10,1,1,3,21,29,1,1,0
2019,2019-04-01,737150,4,2,1,3,34,44,1,1,0
2019,2019-01-01,737060,1,2,1,3,34,44,1,1,0
2020,2020-03-01,737485,3,2,1,3,34,44,1,1,0
2020,2020-05-01,737546,5,2,1,2,34,44,1,1,0
2020,2020-10-01,737699,10,2,1,3,34,44,1,1,0
2020,2020-09-01,737669,9,2,1,2,34,44,1,1,0
2021,2021-03-01,737850,3,2,1,2,34,44,1,1,0
2021,2021-10-01,738064,10,2,1,2,34,44,1,3,2
2022,2022-04-01,738246,4,2,1,2,34,44,1,1,0
2022,2022-07-01,738337,7,2,1,2,34,44,1,2,0
2022,2022-10-01,738429,10,2,1,2,34,44,1,1,0
2023,2023-04-01,738611,4,2,1,2,34,44,1,1,0
2023,2023-12-01,738855,12,2,1,2,34,44,1,1,0
2023,2023-07-01,738702,7,2,1,2,34,44,1,1,0
2023,2023-03-01,738580,3,2,1,3,34,44,1,3,0
2024,2024-10-01,739160,10,2,1,3,34,44,1,1,2
2019,2019-04-01,737150,4,3,1,2,5,7,1,1,26
2019,2019-08-01,737272,8,3,1,2,5,7,1,1,0
2019,2019-12-01,737394,12,3,1,2,5,7,1,1,0
2019,2019-02-01,737091,2,3,1,2,5,7,1,1,5
2019,2019-05-01,737180,5,3,1,2,5,7,1,1,0
2019,2019-11-01,737364,11,3,1,2,5,7,1,1,0
2019,2019-10-01,737333,10,3,1,2,5,7,1,1,2
2020,2020-04-01,737516,4,3,1,2,5,7,1,1,2
2020,2020-08-01,737638,8,3,1,2,5,7,1,3,2
2020,2020-02-01,737456,2,3,1,2,5,7,1,1,9
2020,2020-01-01,737425,1,3,1,2,5,7,1,2,4
2020,2020-07-01,737607,7,3,1,2,5,7,1,2,12
2020,2020-06-01,737577,6,3,1,2,5,7,1,1,0
2020,2020-10-01,737699,10,3,1,2,5,7,1,1,4
2020,2020-09-01,737669,9,3,1,2,5,7,1,4,14
2021,2021-04-01,737881,4,3,1,2,5,7,1,3,23
2021,2021-08-01,738003,8,3,1,2,5,7,1,3,42
2021,2021-12-01,738125,12,3,1,2,5,7,1,5,324
2021,2021-02-01,737822,2,3,1,2,5,7,1,5,38
2021,2021-01-01,737791,1,3,1,2,5,7,1,4,17
2021,2021-07-01,737972,7,3,1,2,5,7,1,2,2
2021,2021-06-01,737942,6,3,1,2,5,7,1,6,71
2021,2021-03-01,737850,3,3,1,2,5,7,1,2,0
2021,2021-05-01,737911,5,3,1,2,5,7,1,3,9
2021,2021-11-01,738095,11,3,1,2,5,7,1,1,21
2021,2021-10-01,738064,10,3,1,2,5,7,1,2,14
2021,2021-10-01,738064,10,3,1,3,5,7,1,1,4
2021,2021-09-01,738034,9,3,1,2,5,7,1,4,16
2022,2022-04-01,738246,4,3,1,2,5,7,1,3,81
2022,2022-08-01,738368,8,3,1,2,5,7,1,4,126
2022,2022-12-01,738490,12,3,1,2,5,7,1,1,0
2022,2022-02-01,738187,2,3,1,2,5,7,1,2,11
2022,2022-01-01,738156,1,3,1,2,5,7,1,1,0
2022,2022-07-01,738337,7,3,1,2,5,7,1,2,2
2022,2022-06-01,738307,6,3,1,2,5,7,1,1,22
2022,2022-03-01,738215,3,3,1,2,5,7,1,9,9
2022,2022-05-01,738276,5,3,1,2,5,7,1,1,4
2022,2022-11-01,738460,11,3,1,2,5,7,1,2,1
2022,2022-10-01,738429,10,3,1,2,5,7,1,4,12
2022,2022-09-01,738399,9,3,1,2,5,7,1,5,9
2023,2023-04-01,738611,4,3,1,2,5,7,1,1,9
2023,2023-08-01,738733,8,3,1,2,5,7,1,1,2
2023,2023-12-01,738855,12,3,1,2,5,7,1,2,7
2023,2023-02-01,738552,2,3,1,2,5,7,1,3,0
2023,2023-01-01,738521,1,3,1,2,5,7,1,3,44
2023,2023-07-01,738702,7,3,1,2,5,7,1,2,6
2023,2023-06-01,738672,6,3,1,2,5,7,1,1,0
2023,2023-03-01,738580,3,3,1,2,5,7,1,3,23
2023,2023-05-01,738641,5,3,1,2,5,7,1,2,23
2023,2023-11-01,738825,11,3,1,2,5,7,1,1,14
2023,2023-10-01,738794,10,3,1,2,5,7,1,3,34
2024,2024-12-01,739221,12,3,1,2,5,7,1,3,57
2024,2024-01-01,738886,1,3,1,2,5,7,1,1,4
2024,2024-10-01,739160,10,3,1,2,5,7,1,1,18
2022,2022-10-01,738429,10,3,2,2,5,37,1,2,11
2023,2023-07-01,738702,7,3,2,2,5,37,1,1,2
2023,2023-09-01,738764,9,3,2,2,5,37,1,1,0
2021,2021-08-01,738003,8,3,3,1,5,28,1,1,2
2021,2021-12-01,738125,12,3,3,1,5,28,1,1,56
2022,2022-06-01,738307,6,3,3,1,5,28,1,1,0
2024,2024-11-01,739191,11,3,3,1,5,28,1,1,0
2024,2024-10-01,739160,10,3,3,1,5,28,1,1,0
2019,2019-04-01,737150,4,3,1,2,1,1,1,10,49
2019,2019-08-01,737272,8,3,1,2,1,1,1,21,211
2019,2019-12-01,737394,12,3,1,2,1,1,1,6,40
2019,2019-02-01,737091,2,3,1,2,1,1,1,10,142
2019,2019-01-01,737060,1,3,1,2,1,1,1,8,61
2019,2019-07-01,737241,7,3,1,2,1,1,1,22,101
2019,2019-06-01,737211,6,3,1,2,1,1,1,10,148
2019,2019-03-01,737119,3,3,1,2,1,1,1,13,183
2019,2019-05-01,737180,5,3,1,2,1,1,1,20,334
2019,2019-11-01,737364,11,3,1,2,1,1,1,9,102
2019,2019-10-01,737333,10,3,1,2,1,1,1,4,72
2019,2019-09-01,737303,9,3,1,2,1,1,1,14,43
2020,2020-04-01,737516,4,3,1,2,1,1,1,17,137
2020,2020-08-01,737638,8,3,1,2,1,1,1,62,226
2020,2020-12-01,737760,12,3,1,2,1,1,1,14,63
2020,2020-02-01,737456,2,3,1,2,1,1,1,16,114
2020,2020-01-01,737425,1,3,1,2,1,1,1,16,72
2020,2020-07-01,737607,7,3,1,2,1,1,1,49,527
2020,2020-06-01,737577,6,3,1,2,1,1,1,51,214
2020,2020-06-01,737577,6,3,1,3,1,1,1,1,0
2020,2020-03-01,737485,3,3,1,2,1,1,1,15,112
2020,2020-05-01,737546,5,3,1,2,1,1,1,53,152
2020,2020-11-01,737730,11,3,1,2,1,1,1,25,153
2020,2020-10-01,737699,10,3,1,2,1,1,1,23,115
2020,2020-10-01,737699,10,3,1,3,1,1,1,1,46
2020,2020-09-01,737669,9,3,1,2,1,1,1,57,450
2021,2021-04-01,737881,4,3,1,2,1,1,1,55,476
2021,2021-04-01,737881,4,3,1,3,1,1,1,1,18
2021,2021-08-01,738003,8,3,1,2,1,1,1,61,819
2021,2021-12-01,738125,12,3,1,2,1,1,1,49,553
2021,2021-12-01,738125,12,3,1,3,1,1,1,2,13
2021,2021-02-01,737822,2,3,1,2,1,1,1,50,523
2021,2021-01-01,737791,1,3,1,2,1,1,1,37,281
2021,2021-07-01,737972,7,3,1,2,1,1,1,50,481
2021,2021-06-01,737942,6,3,1,2,1,1,1,46,633
2021,2021-06-01,737942,6,3,1,3,1,1,1,1,17
2021,2021-03-01,737850,3,3,1,2,1,1,1,52,406
2021,2021-05-01,737911,5,3,1,2,1,1,1,59,459
2021,2021-11-01,738095,11,3,1,2,1,1,1,64,510
2021,2021-10-01,738064,10,3,1,2,1,1,1,59,833
2021,2021-10-01,738064,10,3,1,3,1,1,1,1,0
2021,2021-09-01,738034,9,3,1,2,1,1,1,47,323
2022,2022-04-01,738246,4,3,1,2,1,1,1,36,734
2022,2022-08-01,738368,8,3,1,2,1,1,1,30,373
2022,2022-12-01,738490,12,3,1,2,1,1,1,34,219
2022,2022-02-01,738187,2,3,1,2,1,1,1,42,334
2022,2022-01-01,738156,1,3,1,2,1,1,1,30,413
2022,2022-07-01,738337,7,3,1,2,1,1,1,50,1121
2022,2022-06-01,738307,6,3,1,2,1,1,1,33,301
2022,2022-03-01,738215,3,3,1,2,1,1,1,54,420
2022,2022-05-01,738276,5,3,1,2,1,1,1,38,509
2022,2022-05-01,738276,5,3,1,3,1,1,1,1,2
2022,2022-11-01,738460,11,3,1,2,1,1,1,46,904
2022,2022-10-01,738429,10,3,1,2,1,1,1,37,489
2022,2022-09-01,738399,9,3,1,2,1,1,1,39,879
2023,2023-04-01,738611,4,3,1,2,1,1,1,53,2172
2023,2023-04-01,738611,4,3,1,3,1,1,1,1,0
2023,2023-08-01,738733,8,3,1,2,1,1,1,44,878
2023,2023-08-01,738733,8,3,1,3,1,1,1,1,3
2023,2023-12-01,738855,12,3,1,2,1,1,1,44,589
2023,2023-02-01,738552,2,3,1,2,1,1,1,36,711
2023,2023-01-01,738521,1,3,1,2,1,1,1,26,399
2023,2023-07-01,738702,7,3,1,2,1,1,1,38,765
2023,2023-06-01,738672,6,3,1,2,1,1,1,48,1119
2023,2023-06-01,738672,6,3,1,3,1,1,1,1,0
2023,2023-03-01,738580,3,3,1,2,1,1,1,52,1074
2023,2023-05-01,738641,5,3,1,2,1,1,1,55,928
2023,2023-11-01,738825,11,3,1,2,1,1,1,34,721
2023,2023-10-01,738794,10,3,1,2,1,1,1,45,1108
2023,2023-09-01,738764,9,3,1,2,1,1,1,30,950
2024,2024-12-01,739221,12,3,1,2,1,1,1,35,496
2024,2024-01-01,738886,1,3,1,2,1,1,1,32,716
2024,2024-11-01,739191,11,3,1,2,1,1,1,17,347
2024,2024-10-01,739160,10,3,1,2,1,1,1,22,408
2019,2019-08-01,737272,8,3,2,2,1,3,1,5,9
2019,2019-02-01,737091,2,3,2,2,1,3,1,1,2
2019,2019-01-01,737060,1,3,2,2,1,3,1,1,44
2019,2019-07-01,737241,7,3,2,2,1,3,1,1,7
2019,2019-06-01,737211,6,3,2,2,1,3,1,2,18
2019,2019-03-01,737119,3,3,2,2,1,3,1,1,2
2019,2019-05-01,737180,5,3,2,2,1,3,1,1,7
2019,2019-10-01,737333,10,3,2,2,1,3,1,1,14
2020,2020-04-01,737516,4,3,2,2,1,3,1,1,0
2020,2020-08-01,737638,8,3,2,2,1,3,1,3,223
2020,2020-02-01,737456,2,3,2,2,1,3,1,2,5
2020,2020-01-01,737425,1,3,2,2,1,3,1,2,39
2020,2020-07-01,737607,7,3,2,2,1,3,1,4,23
2020,2020-06-01,737577,6,3,2,2,1,3,1,4,26
2020,2020-03-01,737485,3,3,2,2,1,3,1,2,15
2020,2020-05-01,737546,5,3,2,2,1,3,1,2,0
2020,2020-11-01,737730,11,3,2,2,1,3,1,1,24
2020,2020-10-01,737699,10,3,2,2,1,3,1,3,23
2020,2020-09-01,737669,9,3,2,2,1,3,1,3,0
2021,2021-04-01,737881,4,3,2,2,1,3,1,3,35
2021,2021-08-01,738003,8,3,2,2,1,3,1,3,12
2021,2021-12-01,738125,12,3,2,2,1,3,1,1,2
2021,2021-02-01,737822,2,3,2,2,1,3,1,1,5
2021,2021-01-01,737791,1,3,2,2,1,3,1,5,169
2021,2021-07-01,737972,7,3,2,2,1,3,1,5,31
2021,2021-06-01,737942,6,3,2,2,1,3,1,5,20
2021,2021-03-01,737850,3,3,2,2,1,3,1,2,2
2021,2021-05-01,737911,5,3,2,2,1,3,1,5,8
2021,2021-11-01,738095,11,3,2,2,1,3,1,4,15
2021,2021-10-01,738064,10,3,2,2,1,3,1,8,77
2021,2021-09-01,738034,9,3,2,2,1,3,1,8,32
2022,2022-04-01,738246,4,3,2,2,1,3,1,10,106
2022,2022-08-01,738368,8,3,2,2,1,3,1,12,135
2022,2022-12-01,738490,12,3,2,2,1,3,1,1,24
2022,2022-02-01,738187,2,3,2,2,1,3,1,8,64
2022,2022-01-01,738156,1,3,2,2,1,3,1,2,0
2022,2022-07-01,738337,7,3,2,2,1,3,1,6,303
2022,2022-06-01,738307,6,3,2,2,1,3,1,4,42
2022,2022-03-01,738215,3,3,2,2,1,3,1,5,116
2022,2022-05-01,738276,5,3,2,2,1,3,1,5,150
2022,2022-11-01,738460,11,3,2,2,1,3,1,6,30
2022,2022-10-01,738429,10,3,2,2,1,3,1,4,77
2023,2023-04-01,738611,4,3,2,2,1,3,1,2,49
2023,2023-08-01,738733,8,3,2,2,1,3,1,5,60
2023,2023-12-01,738855,12,3,2,2,1,3,1,1,1
2023,2023-02-01,738552,2,3,2,2,1,3,1,5,259
2023,2023-01-01,738521,1,3,2,2,1,3,1,4,260
2023,2023-07-01,738702,7,3,2,2,1,3,1,4,44
2023,2023-06-01,738672,6,3,2,2,1,3,1,3,57
2023,2023-03-01,738580,3,3,2,2,1,3,1,8,233
2023,2023-05-01,738641,5,3,2,2,1,3,1,6,232
2023,2023-10-01,738794,10,3,2,2,1,3,1,4,61
2023,2023-09-01,738764,9,3,2,2,1,3,1,2,23
2024,2024-12-01,739221,12,3,2,2,1,3,1,2,24
2024,2024-01-01,738886,1,3,2,2,1,3,1,2,45
2024,2024-11-01,739191,11,3,2,2,1,3,1,3,130
2024,2024-10-01,739160,10,3,2,2,1,3,1,1,0
2019,2019-04-01,737150,4,3,3,3,1,19,1,1,4
2019,2019-01-01,737060,1,3,3,3,1,19,1,1,0
2019,2019-05-01,737180,5,3,3,3,1,19,1,1,1
2019,2019-09-01,737303,9,3,3,3,1,19,1,1,0
2020,2020-08-01,737638,8,3,3,3,1,19,1,2,27
2020,2020-02-01,737456,2,3,3,3,1,19,1,1,33
2020,2020-01-01,737425,1,3,3,1,1,19,1,1,2
2020,2020-07-01,737607,7,3,3,1,1,19,1,1,12
2020,2020-06-01,737577,6,3,3,3,1,19,1,1,0
2020,2020-03-01,737485,3,3,3,3,1,19,1,1,11
2020,2020-05-01,737546,5,3,3,3,1,19,1,1,0
2020,2020-11-01,737730,11,3,3,3,1,19,1,3,37
2020,2020-10-01,737699,10,3,3,3,1,19,1,3,28
2021,2021-04-01,737881,4,3,3,3,1,19,1,2,3
2021,2021-08-01,738003,8,3,3,3,1,19,1,1,12
2021,2021-07-01,737972,7,3,3,3,1,19,1,2,6
2021,2021-06-01,737942,6,3,3,1,1,19,1,1,0
2021,2021-06-01,737942,6,3,3,3,1,19,1,2,3
2021,2021-03-01,737850,3,3,3,3,1,19,1,1,2
2021,2021-09-01,738034,9,3,3,3,1,19,1,5,12
2022,2022-04-01,738246,4,3,3,3,1,19,1,1,17
2022,2022-02-01,738187,2,3,3,3,1,19,1,2,0
2022,2022-01-01,738156,1,3,3,3,1,19,1,2,8
2022,2022-03-01,738215,3,3,3,3,1,19,1,2,0
2022,2022-11-01,738460,11,3,3,3,1,19,1,5,10
2022,2022-09-01,738399,9,3,3,3,1,19,1,3,31
2023,2023-02-01,738552,2,3,3,3,1,19,1,2,2
2023,2023-06-01,738672,6,3,3,3,1,19,1,1,2
2023,2023-03-01,738580,3,3,3,3,1,19,1,1,2
2023,2023-10-01,738794,10,3,3,3,1,19,1,1,1
2023,2023-09-01,738764,9,3,3,3,1,19,1,2,0
2019,2019-04-01,737150,4,3,1,2,2,2,1,16,112
2019,2019-08-01,737272,8,3,1,2,2,2,1,12,19
2019,2019-12-01,737394,12,3,1,2,2,2,1,5,29
2019,2019-02-01,737091,2,3,1,2,2,2,1,15,22
2019,2019-02-01,737091,2,3,1,3,2,2,1,1,0
2019,2019-01-01,737060,1,3,1,2,2,2,1,10,268
2019,2019-01-01,737060,1,3,1,3,2,2,1,1,0
2019,2019-07-01,737241,7,3,1,2,2,2,1,10,27
2019,2019-07-01,737241,7,3,1,3,2,2,1,1,2
2019,2019-06-01,737211,6,3,1,2,2,2,1,16,76
2019,2019-06-01,737211,6,3,1,3,2,2,1,1,0
2019,2019-03-01,737119,3,3,1,2,2,2,1,17,26
2019,2019-05-01,737180,5,3,1,2,2,2,1,16,39
2019,2019-11-01,737364,11,3,1,2,2,2,1,7,7
2019,2019-10-01,737333,10,3,1,2,2,2,1,11,62
2019,2019-09-01,737303,9,3,1,2,2,2,1,25,128
2020,2020-04-01,737516,4,3,1,2,2,2,1,21,68
2020,2020-04-01,737516,4,3,1,3,2,2,1,2,0
2020,2020-08-01,737638,8,3,1,2,2,2,1,42,150
2020,2020-08-01,737638,8,3,1,3,2,2,1,1,0
2020,2020-12-01,737760,12,3,1,2,2,2,1,16,36
2020,2020-02-01,737456,2,3,1,2,2,2,1,14,102
2020,2020-01-01,737425,1,3,1,2,2,2,1,7,12
2020,2020-07-01,737607,7,3,1,2,2,2,1,33,132
2020,2020-06-01,737577,6,3,1,2,2,2,1,39,374
2020,2020-06-01,737577,6,3,1,3,2,2,1,1,0
2020,2020-03-01,737485,3,3,1,2,2,2,1,17,89
2020,2020-05-01,737546,5,3,1,2,2,2,1,30,59
2020,2020-05-01,737546,5,3,1,3,2,2,1,2,0
2020,2020-11-01,737730,11,3,1,2,2,2,1,6,16
2020,2020-10-01,737699,10,3,1,2,2,2,1,14,67
2020,2020-09-01,737669,9,3,1,2,2,2,1,23,183
2020,2020-09-01,737669,9,3,1,3,2,2,1,1,0
2021,2021-04-01,737881,4,3,1,2,2,2,1,35,213
2021,2021-04-01,737881,4,3,1,3,2,2,1,2,0
2021,2021-08-01,738003,8,3,1,2,2,2,1,24,191
2021,2021-12-01,738125,12,3,1,2,2,2,1,30,156
2021,2021-12-01,738125,12,3,1,3,2,2,1,1,7
2021,2021-02-01,737822,2,3,1,2,2,2,1,39,150
2021,2021-01-01,737791,1,3,1,2,2,2,1,23,196
2021,2021-07-01,737972,7,3,1,2,2,2,1,32,238
2021,2021-06-01,737942,6,3,1,2,2,2,1,18,248
2021,2021-06-01,737942,6,3,1,3,2,2,1,2,2
2021,2021-03-01,737850,3,3,1,2,2,2,1,37,170
2021,2021-05-01,737911,5,3,1,2,2,2,1,28,350
2021,2021-05-01,737911,5,3,1,3,2,2,1,1,0
2021,2021-11-01,738095,11,3,1,2,2,2,1,32,94
2021,2021-10-01,738064,10,3,1,2,2,2,1,25,131
2021,2021-09-01,738034,9,3,1,2,2,2,1,18,115
2022,2022-04-01,738246,4,3,1,2,2,2,1,22,171
2022,2022-04-01,738246,4,3,1,3,2,2,1,2,0
2022,2022-08-01,738368,8,3,1,2,2,2,1,31,1312
2022,2022-12-01,738490,12,3,1,2,2,2,1,10,130
2022,2022-02-01,738187,2,3,1,2,2,2,1,18,88
2022,2022-02-01,738187,2,3,1,3,2,2,1,1,110
2022,2022-01-01,738156,1,3,1,2,2,2,1,15,324
2022,2022-07-01,738337,7,3,1,2,2,2,1,30,557
2022,2022-07-01,738337,7,3,1,3,2,2,1,1,0
2022,2022-06-01,738307,6,3,1,2,2,2,1,13,183
2022,2022-03-01,738215,3,3,1,2,2,2,1,34,437
2022,2022-03-01,738215,3,3,1,3,2,2,1,1,0
2022,2022-05-01,738276,5,3,1,2,2,2,1,15,343
2022,2022-05-01,738276,5,3,1,3,2,2,1,1,2
2022,2022-11-01,738460,11,3,1,2,2,2,1,19,136
2022,2022-10-01,738429,10,3,1,2,2,2,1,13,138
2022,2022-09-01,738399,9,3,1,2,2,2,1,30,661
2023,2023-04-01,738611,4,3,1,2,2,2,1,26,838
2023,2023-04-01,738611,4,3,1,3,2,2,1,1,0
2023,2023-08-01,738733,8,3,1,2,2,2,1,24,730
2023,2023-12-01,738855,12,3,1,2,2,2,1,34,1762
2023,2023-02-01,738552,2,3,1,2,2,2,1,32,1147
2023,2023-01-01,738521,1,3,1,2,2,2,1,23,668
2023,2023-01-01,738521,1,3,1,3,2,2,1,2,17
2023,2023-07-01,738702,7,3,1,2,2,2,1,12,715
2023,2023-06-01,738672,6,3,1,2,2,2,1,21,815
2023,2023-03-01,738580,3,3,1,2,2,2,1,28,1140
2023,2023-05-01,738641,5,3,1,2,2,2,1,31,1024
2023,2023-05-01,738641,5,3,1,3,2,2,1,1,0
2023,2023-11-01,738825,11,3,1,2,2,2,1,34,2029
2023,2023-11-01,738825,11,3,1,3,2,2,1,1,0
2023,2023-10-01,738794,10,3,1,2,2,2,1,28,670
2023,2023-09-01,738764,9,3,1,2,2,2,1,21,415
2024,2024-12-01,739221,12,3,1,2,2,2,1,15,699
2024,2024-01-01,738886,1,3,1,2,2,2,1,17,955
2024,2024-11-01,739191,11,3,1,2,2,2,1,24,1217
2024,2024-10-01,739160,10,3,1,2,2,2,1,15,607
2019,2019-04-01,737150,4,3,2,2,2,4,1,1,0
2019,2019-08-01,737272,8,3,2,2,2,4,1,2,1
2019,2019-07-01,737241,7,3,2,2,2,4,1,1,4
2019,2019-06-01,737211,6,3,2,2,2,4,1,2,0
2019,2019-03-01,737119,3,3,2,2,2,4,1,3,0
2019,2019-05-01,737180,5,3,2,2,2,4,1,2,0
2019,2019-11-01,737364,11,3,2,2,2,4,1,1,0
2019,2019-09-01,737303,9,3,2,2,2,4,1,2,4
2020,2020-04-01,737516,4,3,2,2,2,4,1,9,13
2020,2020-08-01,737638,8,3,2,2,2,4,1,10,2
2020,2020-12-01,737760,12,3,2,2,2,4,1,3,1
2020,2020-02-01,737456,2,3,2,2,2,4,1,4,6
2020,2020-01-01,737425,1,3,2,2,2,4,1,7,4
2020,2020-07-01,737607,7,3,2,2,2,4,1,16,7
2020,2020-06-01,737577,6,3,2,2,2,4,1,12,14
2020,2020-03-01,737485,3,3,2,2,2,4,1,4,1
2020,2020-05-01,737546,5,3,2,2,2,4,1,10,15
2020,2020-11-01,737730,11,3,2,2,2,4,1,4,32
2020,2020-10-01,737699,10,3,2,2,2,4,1,4,4
2020,2020-09-01,737669,9,3,2,2,2,4,1,12,84
2021,2021-04-01,737881,4,3,2,2,2,4,1,15,25
2021,2021-08-01,738003,8,3,2,2,2,4,1,6,1
2021,2021-12-01,738125,12,3,2,2,2,4,1,3,18
2021,2021-02-01,737822,2,3,2,2,2,4,1,8,51
2021,2021-01-01,737791,1,3,2,2,2,4,1,6,2
2021,2021-07-01,737972,7,3,2,2,2,4,1,6,1
2021,2021-06-01,737942,6,3,2,2,2,4,1,10,30
2021,2021-03-01,737850,3,3,2,2,2,4,1,18,9
2021,2021-05-01,737911,5,3,2,2,2,4,1,12,65
2021,2021-11-01,738095,11,3,2,2,2,4,1,2,0
2021,2021-10-01,738064,10,3,2,2,2,4,1,13,3
2021,2021-09-01,738034,9,3,2,2,2,4,1,13,69
2022,2022-04-01,738246,4,3,2,2,2,4,1,14,118
2022,2022-08-01,738368,8,3,2,2,2,4,1,19,207
2022,2022-12-01,738490,12,3,2,2,2,4,1,5,0
2022,2022-02-01,738187,2,3,2,2,2,4,1,15,3
2022,2022-01-01,738156,1,3,2,2,2,4,1,16,7
2022,2022-07-01,738337,7,3,2,2,2,4,1,16,14
2022,2022-06-01,738307,6,3,2,2,2,4,1,25,37
2022,2022-03-01,738215,3,3,2,2,2,4,1,18,6
2022,2022-05-01,738276,5,3,2,2,2,4,1,21,4
2022,2022-11-01,738460,11,3,2,2,2,4,1,8,11
2022,2022-10-01,738429,10,3,2,2,2,4,1,12,150
2022,2022-09-01,738399,9,3,2,2,2,4,1,17,133
2023,2023-04-01,738611,4,3,2,2,2,4,1,13,40
2023,2023-08-01,738733,8,3,2,2,2,4,1,8,59
2023,2023-12-01,738855,12,3,2,2,2,4,1,12,0
2023,2023-02-01,738552,2,3,2,2,2,4,1,14,24
2023,2023-01-01,738521,1,3,2,2,2,4,1,13,2
2023,2023-07-01,738702,7,3,2,2,2,4,1,10,20
2023,2023-06-01,738672,6,3,2,2,2,4,1,12,132
2023,2023-03-01,738580,3,3,2,2,2,4,1,16,100
2023,2023-05-01,738641,5,3,2,2,2,4,1,14,187
2023,2023-11-01,738825,11,3,2,2,2,4,1,12,103
2023,2023-10-01,738794,10,3,2,2,2,4,1,12,29
2023,2023-09-01,738764,9,3,2,2,2,4,1,3,0
2024,2024-12-01,739221,12,3,2,2,2,4,1,3,0
2024,2024-01-01,738886,1,3,2,2,2,4,1,6,1
2024,2024-11-01,739191,11,3,2,2,2,4,1,4,438
2024,2024-10-01,739160,10,3,2,2,2,4,1,8,223
2019,2019-04-01,737150,4,3,3,1,2,9,1,1,0
2019,2019-08-01,737272,8,3,3,1,2,9,1,2,3
2019,2019-02-01,737091,2,3,3,1,2,9,1,1,8
2019,2019-07-01,737241,7,3,3,1,2,9,1,3,1
2019,2019-06-01,737211,6,3,3,1,2,9,1,3,14
2019,2019-03-01,737119,3,3,3,1,2,9,1,1,0
2019,2019-05-01,737180,5,3,3,1,2,9,1,2,5
2019,2019-11-01,737364,11,3,3,1,2,9,1,2,3
2019,2019-09-01,737303,9,3,3,1,2,9,1,1,0
2020,2020-04-01,737516,4,3,3,1,2,9,1,3,0
2020,2020-08-01,737638,8,3,3,1,2,9,1,5,7
2020,2020-12-01,737760,12,3,3,1,2,9,1,2,7
2020,2020-02-01,737456,2,3,3,1,2,9,1,2,1
2020,2020-01-01,737425,1,3,3,1,2,9,1,2,14
2020,2020-07-01,737607,7,3,3,1,2,9,1,1,5
2020,2020-06-01,737577,6,3,3,1,2,9,1,4,2
2020,2020-03-01,737485,3,3,3,1,2,9,1,2,2
2020,2020-05-01,737546,5,3,3,1,2,9,1,2,1
2020,2020-11-01,737730,11,3,3,1,2,9,1,3,0
2020,2020-10-01,737699,10,3,3,1,2,9,1,3,1
2020,2020-09-01,737669,9,3,3,1,2,9,1,1,0
2021,2021-04-01,737881,4,3,3,1,2,9,1,2,1
2021,2021-08-01,738003,8,3,3,1,2,9,1,10,64
2021,2021-12-01,738125,12,3,3,1,2,9,1,1,0
2021,2021-02-01,737822,2,3,3,1,2,9,1,4,32
2021,2021-01-01,737791,1,3,3,1,2,9,1,2,0
2021,2021-07-01,737972,7,3,3,1,2,9,1,3,20
2021,2021-03-01,737850,3,3,3,1,2,9,1,6,19
2021,2021-05-01,737911,5,3,3,1,2,9,1,1,1
2021,2021-11-01,738095,11,3,3,1,2,9,1,2,8
2021,2021-10-01,738064,10,3,3,1,2,9,1,3,6
2021,2021-09-01,738034,9,3,3,1,2,9,1,1,7
2022,2022-08-01,738368,8,3,3,1,2,9,1,4,25
2022,2022-12-01,738490,12,3,3,1,2,9,1,6,2
2022,2022-02-01,738187,2,3,3,1,2,9,1,3,37
2022,2022-01-01,738156,1,3,3,1,2,9,1,9,21
2022,2022-06-01,738307,6,3,3,1,2,9,1,6,38
2022,2022-03-01,738215,3,3,3,1,2,9,1,1,0
2022,2022-05-01,738276,5,3,3,1,2,9,1,2,26
2022,2022-11-01,738460,11,3,3,1,2,9,1,4,7
2022,2022-10-01,738429,10,3,3,1,2,9,1,5,5
2022,2022-09-01,738399,9,3,3,1,2,9,1,5,95
2023,2023-04-01,738611,4,3,3,1,2,9,1,6,9
2023,2023-08-01,738733,8,3,3,1,2,9,1,3,14
2023,2023-12-01,738855,12,3,3,1,2,9,1,5,84
2023,2023-02-01,738552,2,3,3,1,2,9,1,1,12
2023,2023-01-01,738521,1,3,3,1,2,9,1,2,61
2023,2023-06-01,738672,6,3,3,1,2,9,1,1,1
2023,2023-03-01,738580,3,3,3,1,2,9,1,1,5
2023,2023-05-01,738641,5,3,3,1,2,9,1,3,21
2023,2023-11-01,738825,11,3,3,1,2,9,1,5,9
2023,2023-10-01,738794,10,3,3,1,2,9,1,1,11
2023,2023-09-01,738764,9,3,3,1,2,9,1,1,2
2024,2024-01-01,738886,1,3,3,1,2,9,1,4,21
2024,2024-11-01,739191,11,3,3,1,2,9,1,2,57
2024,2024-10-01,739160,10,3,3,1,2,9,1,2,11
2019,2019-04-01,737150,4,3,2,2,10,12,1,1,18
2019,2019-08-01,737272,8,3,2,2,10,12,1,3,3
2019,2019-07-01,737241,7,3,2,2,10,12,1,1,4
2019,2019-11-01,737364,11,3,2,2,10,12,1,2,12
2020,2020-08-01,737638,8,3,2,2,10,12,1,4,5
2020,2020-01-01,737425,1,3,2,2,10,12,1,1,0
2020,2020-06-01,737577,6,3,2,2,10,12,1,3,26
2020,2020-03-01,737485,3,3,2,2,10,12,1,1,17
2020,2020-05-01,737546,5,3,2,2,10,12,1,1,0
2020,2020-10-01,737699,10,3,2,2,10,12,1,1,15
2020,2020-09-01,737669,9,3,2,2,10,12,1,1,0
2021,2021-04-01,737881,4,3,2,2,10,12,1,4,11
2021,2021-08-01,738003,8,3,2,2,10,12,1,1,0
2021,2021-12-01,738125,12,3,2,2,10,12,1,1,2
2021,2021-02-01,737822,2,3,2,2,10,12,1,1,0
2021,2021-01-01,737791,1,3,2,2,10,12,1,2,7
2021,2021-07-01,737972,7,3,2,2,10,12,1,1,0
2021,2021-06-01,737942,6,3,2,2,10,12,1,1,0
2021,2021-03-01,737850,3,3,2,2,10,12,1,2,6
2021,2021-05-01,737911,5,3,2,2,10,12,1,1,0
2021,2021-11-01,738095,11,3,2,2,10,12,1,1,1
2021,2021-10-01,738064,10,3,2,2,10,12,1,5,27
2021,2021-09-01,738034,9,3,2,2,10,12,1,3,2
2022,2022-04-01,738246,4,3,2,2,10,12,1,3,52
2022,2022-08-01,738368,8,3,2,2,10,12,1,1,0
2022,2022-12-01,738490,12,3,2,2,10,12,1,3,1
2022,2022-02-01,738187,2,3,2,2,10,12,1,2,10
2022,2022-01-01,738156,1,3,2,2,10,12,1,1,7
2022,2022-07-01,738337,7,3,2,2,10,12,1,2,14
2022,2022-06-01,738307,6,3,2,2,10,12,1,3,33
2022,2022-03-01,738215,3,3,2,2,10,12,1,3,6
2022,2022-05-01,738276,5,3,2,2,10,12,1,4,31
2022,2022-11-01,738460,11,3,2,2,10,12,1,3,0
2022,2022-10-01,738429,10,3,2,2,10,12,1,4,4
2022,2022-09-01,738399,9,3,2,2,10,12,1,3,57
2023,2023-04-01,738611,4,3,2,2,10,12,1,2,13
2023,2023-12-01,738855,12,3,2,2,10,12,1,1,0
2023,2023-01-01,738521,1,3,2,2,10,12,1,1,0
2023,2023-07-01,738702,7,3,2,2,10,12,1,3,6
2023,2023-03-01,738580,3,3,2,2,10,12,1,1,0
2023,2023-05-01,738641,5,3,2,2,10,12,1,4,46
2023,2023-11-01,738825,11,3,2,2,10,12,1,1,1
2024,2024-12-01,739221,12,3,2,2,10,12,1,1,0
2024,2024-01-01,738886,1,3,2,2,10,12,1,4,17
2024,2024-10-01,739160,10,3,2,2,10,12,1,4,117
2019,2019-04-01,737150,4,3,2,2,17,22,1,1,11
2020,2020-06-01,737577,6,3,2,2,17,22,1,2,17
2020,2020-11-01,737730,11,3,2,2,17,22,1,1,0
2020,2020-09-01,737669,9,3,2,2,17,22,1,1,12
2021,2021-04-01,737881,4,3,2,2,17,22,1,1,14
2021,2021-01-01,737791,1,3,2,2,17,22,1,2,0
2021,2021-05-01,737911,5,3,2,2,17,22,1,1,36
2021,2021-11-01,738095,11,3,2,2,17,22,1,2,55
2022,2022-08-01,738368,8,3,2,2,17,22,1,1,0
2022,2022-02-01,738187,2,3,2,2,17,22,1,1,0
2022,2022-01-01,738156,1,3,2,2,17,22,1,1,3
2023,2023-01-01,738521,1,3,2,2,17,22,1,1,0
2023,2023-06-01,738672,6,3,2,2,17,22,1,1,5
2023,2023-11-01,738825,11,3,2,2,17,22,1,1,2
2019,2019-04-01,737150,4,3,2,2,6,8,1,1,0
2019,2019-02-01,737091,2,3,2,2,6,8,1,1,17
2019,2019-01-01,737060,1,3,2,2,6,8,1,2,16
2019,2019-07-01,737241,7,3,2,2,6,8,1,2,3
2019,2019-06-01,737211,6,3,2,2,6,8,1,2,2
2019,2019-11-01,737364,11,3,2,2,6,8,1,1,1
2019,2019-09-01,737303,9,3,2,2,6,8,1,2,7
2020,2020-04-01,737516,4,3,2,2,6,8,1,3,18
2020,2020-08-01,737638,8,3,2,2,6,8,1,6,14
2020,2020-12-01,737760,12,3,2,2,6,8,1,2,2
2020,2020-02-01,737456,2,3,2,2,6,8,1,1,13
2020,2020-01-01,737425,1,3,2,2,6,8,1,2,3
2020,2020-07-01,737607,7,3,2,2,6,8,1,6,20
2020,2020-03-01,737485,3,3,2,2,6,8,1,4,5
2020,2020-05-01,737546,5,3,2,2,6,8,1,4,2
2020,2020-11-01,737730,11,3,2,2,6,8,1,2,1
2020,2020-10-01,737699,10,3,2,2,6,8,1,3,21
2020,2020-09-01,737669,9,3,2,2,6,8,1,3,4
2021,2021-04-01,737881,4,3,2,2,6,8,1,1,7
2021,2021-08-01,738003,8,3,2,2,6,8,1,1,0
2021,2021-12-01,738125,12,3,2,2,6,8,1,5,17
2021,2021-01-01,737791,1,3,2,2,6,8,1,1,0
2021,2021-07-01,737972,7,3,2,2,6,8,1,2,17
2021,2021-03-01,737850,3,3,2,2,6,8,1,6,10
2021,2021-05-01,737911,5,3,2,2,6,8,1,2,0
2021,2021-11-01,738095,11,3,2,2,6,8,1,4,3
2021,2021-10-01,738064,10,3,2,2,6,8,1,1,28
2022,2022-04-01,738246,4,3,2,2,6,8,1,1,16
2022,2022-08-01,738368,8,3,2,2,6,8,1,1,0
2022,2022-01-01,738156,1,3,2,2,6,8,1,2,0
2022,2022-07-01,738337,7,3,2,2,6,8,1,1,46
2022,2022-06-01,738307,6,3,2,2,6,8,1,1,0
2022,2022-03-01,738215,3,3,2,2,6,8,1,1,4
2022,2022-10-01,738429,10,3,2,2,6,8,1,1,0
2022,2022-09-01,738399,9,3,2,2,6,8,1,2,77
2023,2023-04-01,738611,4,3,2,2,6,8,1,2,0
2023,2023-08-01,738733,8,3,2,2,6,8,1,2,0
2023,2023-02-01,738552,2,3,2,2,6,8,1,1,93
2023,2023-01-01,738521,1,3,2,2,6,8,1,2,0
2023,2023-07-01,738702,7,3,2,2,6,8,1,4,178
2023,2023-03-01,738580,3,3,2,2,6,8,1,3,194
2023,2023-05-01,738641,5,3,2,2,6,8,1,1,192
2023,2023-09-01,738764,9,3,2,2,6,8,1,2,4
2024,2024-11-01,739191,11,3,2,2,6,8,1,1,3
2024,2024-10-01,739160,10,3,2,2,6,8,1,1,26
2020,2020-07-01,737607,7,3,3,1,6,21,1,1,1
2020,2020-06-01,737577,6,3,3,1,6,21,1,1,0
2021,2021-08-01,738003,8,3,3,1,6,21,1,1,0
2021,2021-07-01,737972,7,3,3,1,6,21,1,1,2
2021,2021-10-01,738064,10,3,3,1,6,21,1,1,14
2022,2022-04-01,738246,4,3,3,1,6,21,1,2,1
2022,2022-08-01,738368,8,3,3,1,6,21,1,1,1
2022,2022-07-01,738337,7,3,3,1,6,21,1,2,1
2022,2022-06-01,738307,6,3,3,1,6,21,1,3,3
2022,2022-03-01,738215,3,3,3,1,6,21,1,2,0
2022,2022-05-01,738276,5,3,3,1,6,21,1,1,0
2022,2022-11-01,738460,11,3,3,1,6,21,1,1,0
2022,2022-09-01,738399,9,3,3,1,6,21,1,1,4
2023,2023-04-01,738611,4,3,3,1,6,21,1,2,3
2023,2023-02-01,738552,2,3,3,1,6,21,1,2,4
2023,2023-01-01,738521,1,3,3,1,6,21,1,1,0
2023,2023-06-01,738672,6,3,3,1,6,21,1,2,97
2023,2023-03-01,738580,3,3,3,1,6,21,1,4,42
2023,2023-05-01,738641,5,3,3,1,6,21,1,2,2
2023,2023-11-01,738825,11,3,3,1,6,21,1,1,2
2019,2019-08-01,737272,8,1,1,3,38,51,1,23,0
2019,2019-07-01,737241,7,1,1,3,38,51,1,1,0
2019,2019-09-01,737303,9,1,1,3,38,51,1,74,0
2020,2020-04-01,737516,4,1,1,3,38,51,1,1,0
2020,2020-02-01,737456,2,1,1,3,38,51,1,11,0
2020,2020-03-01,737485,3,1,1,3,38,51,1,10,0
2020,2020-11-01,737730,11,1,1,3,38,51,1,1,0
2020,2020-10-01,737699,10,1,1,3,38,51,1,11,0
2021,2021-02-01,737822,2,1,1,3,38,51,1,1,0
2021,2021-07-01,737972,7,1,1,3,38,51,1,1,0
2021,2021-03-01,737850,3,1,1,3,38,51,1,1,0
2021,2021-11-01,738095,11,1,1,3,38,51,1,2,0
2021,2021-09-01,738034,9,1,1,3,38,51,1,4,0
2023,2023-11-01,738825,11,1,1,3,38,51,1,1,0
2024,2024-12-01,739221,12,1,1,3,38,51,1,1,0
2019,2019-08-01,737272,8,1,1,3,29,40,1,3,0
2019,2019-11-01,737364,11,1,1,3,29,40,1,1,0
2020,2020-08-01,737638,8,1,1,3,29,40,1,1,0
2020,2020-10-01,737699,10,1,1,3,29,40,1,2,0
2020,2020-09-01,737669,9,1,1,3,29,40,1,1,0
2021,2021-05-01,737911,5,1,1,3,29,40,1,2,0
2021,2021-10-01,738064,10,1,1,3,29,40,1,3,6
2022,2022-08-01,738368,8,1,1,3,29,40,1,1,0
2022,2022-06-01,738307,6,1,1,3,29,40,1,2,0
2022,2022-09-01,738399,9,1,1,3,29,40,1,1,0
2023,2023-04-01,738611,4,1,1,3,29,40,1,1,0
2023,2023-12-01,738855,12,1,1,3,29,40,1,1,0
2023,2023-01-01,738521,1,1,1,3,29,40,1,2,0
2019,2019-08-01,737272,8,2,1,3,23,32,1,30,0
2019,2019-02-01,737091,2,2,1,3,23,32,1,9,1
2019,2019-01-01,737060,1,2,1,3,23,32,1,6,0
2019,2019-07-01,737241,7,2,1,3,23,32,1,8,0
2019,2019-06-01,737211,6,2,1,3,23,32,1,1,0
2019,2019-03-01,737119,3,2,1,3,23,32,1,9,1
2019,2019-05-01,737180,5,2,1,2,23,32,1,1,7
2019,2019-11-01,737364,11,2,1,3,23,32,1,1,0
2019,2019-09-01,737303,9,2,1,3,23,32,1,8,0
2020,2020-04-01,737516,4,2,1,2,23,32,1,1,12
2020,2020-02-01,737456,2,2,1,3,23,32,1,9,0
2020,2020-01-01,737425,1,2,1,3,23,32,1,1,2
2020,2020-07-01,737607,7,2,1,3,23,32,1,1,0
2020,2020-06-01,737577,6,2,1,2,23,32,1,1,1
2020,2020-03-01,737485,3,2,1,3,23,32,1,12,0
2020,2020-11-01,737730,11,2,1,3,23,32,1,1,0
2020,2020-10-01,737699,10,2,1,2,23,32,1,1,0
2020,2020-10-01,737699,10,2,1,3,23,32,1,1,0
2020,2020-09-01,737669,9,2,1,2,23,32,1,1,0
2021,2021-04-01,737881,4,2,1,2,23,32,1,1,0
2021,2021-08-01,738003,8,2,1,3,23,32,1,1,2
2021,2021-07-01,737972,7,2,1,2,23,32,1,1,0
2021,2021-07-01,737972,7,2,1,3,23,32,1,1,0
2021,2021-06-01,737942,6,2,1,2,23,32,1,2,0
2021,2021-03-01,737850,3,2,1,2,23,32,1,2,0
2021,2021-05-01,737911,5,2,1,2,23,32,1,1,0
2022,2022-01-01,738156,1,2,1,2,23,32,1,1,0
2022,2022-07-01,738337,7,2,1,3,23,32,1,7,0
2022,2022-03-01,738215,3,2,1,3,23,32,1,5,0
2022,2022-09-01,738399,9,2,1,3,23,32,1,1,0
2023,2023-12-01,738855,12,2,1,2,23,32,1,1,0
2023,2023-02-01,738552,2,2,1,3,23,32,1,1,0
2023,2023-09-01,738764,9,2,1,2,23,32,1,1,0
2024,2024-12-01,739221,12,2,1,2,23,32,1,1,0
2024,2024-10-01,739160,10,2,1,2,23,32,1,1,0
2019,2019-09-01,737303,9,2,2,2,23,47,1,1,0
2020,2020-08-01,737638,8,2,2,2,23,47,1,1,0
2022,2022-08-01,738368,8,2,2,2,23,47,1,1,0
2022,2022-09-01,738399,9,2,2,2,23,47,1,1,2
2024,2024-12-01,739221,12,2,2,2,23,47,1,1,0
2024,2024-01-01,738886,1,2,2,2,23,47,1,1,0
2019,2019-08-01,737272,8,3,1,2,4,6,1,1,10
2019,2019-01-01,737060,1,3,1,2,4,6,1,1,26
2019,2019-06-01,737211,6,3,1,2,4,6,1,1,12
2019,2019-09-01,737303,9,3,1,2,4,6,1,1,8
2020,2020-04-01,737516,4,3,1,2,4,6,1,1,4
2020,2020-08-01,737638,8,3,1,2,4,6,1,5,1
2020,2020-07-01,737607,7,3,1,2,4,6,1,5,24
2020,2020-06-01,737577,6,3,1,2,4,6,1,1,0
2020,2020-03-01,737485,3,3,1,2,4,6,1,1,0
2020,2020-05-01,737546,5,3,1,2,4,6,1,1,0
2020,2020-09-01,737669,9,3,1,2,4,6,1,5,3
2021,2021-04-01,737881,4,3,1,2,4,6,1,4,21
2021,2021-08-01,738003,8,3,1,2,4,6,1,6,43
2021,2021-12-01,738125,12,3,1,2,4,6,1,8,71
2021,2021-02-01,737822,2,3,1,2,4,6,1,2,6
2021,2021-01-01,737791,1,3,1,2,4,6,1,2,7
2021,2021-07-01,737972,7,3,1,2,4,6,1,6,3
2021,2021-06-01,737942,6,3,1,2,4,6,1,5,25
2021,2021-03-01,737850,3,3,1,2,4,6,1,4,30
2021,2021-03-01,737850,3,3,1,3,4,6,1,1,0
2021,2021-05-01,737911,5,3,1,2,4,6,1,2,2
2021,2021-11-01,738095,11,3,1,2,4,6,1,4,76
2021,2021-10-01,738064,10,3,1,2,4,6,1,9,49
2021,2021-09-01,738034,9,3,1,2,4,6,1,9,35
2022,2022-04-01,738246,4,3,1,2,4,6,1,2,0
2022,2022-08-01,738368,8,3,1,2,4,6,1,12,41
2022,2022-08-01,738368,8,3,1,3,4,6,1,1,0
2022,2022-12-01,738490,12,3,1,2,4,6,1,6,84
2022,2022-02-01,738187,2,3,1,2,4,6,1,9,9
2022,2022-01-01,738156,1,3,1,2,4,6,1,10,34
2022,2022-07-01,738337,7,3,1,2,4,6,1,12,42
2022,2022-07-01,738337,7,3,1,3,4,6,1,1,0
2022,2022-06-01,738307,6,3,1,2,4,6,1,10,29
2022,2022-03-01,738215,3,3,1,2,4,6,1,10,20
2022,2022-05-01,738276,5,3,1,2,4,6,1,4,24
2022,2022-11-01,738460,11,3,1,2,4,6,1,5,5
2022,2022-10-01,738429,10,3,1,2,4,6,1,11,20
2022,2022-09-01,738399,9,3,1,2,4,6,1,9,7
2023,2023-04-01,738611,4,3,1,2,4,6,1,7,28
2023,2023-04-01,738611,4,3,1,3,4,6,1,1,0
2023,2023-08-01,738733,8,3,1,2,4,6,1,10,37
2023,2023-12-01,738855,12,3,1,2,4,6,1,5,45
2023,2023-02-01,738552,2,3,1,2,4,6,1,13,47
2023,2023-01-01,738521,1,3,1,2,4,6,1,10,43
2023,2023-07-01,738702,7,3,1,2,4,6,1,4,6
2023,2023-06-01,738672,6,3,1,2,4,6,1,8,11
2023,2023-03-01,738580,3,3,1,2,4,6,1,12,78
2023,2023-05-01,738641,5,3,1,2,4,6,1,10,15
2023,2023-11-01,738825,11,3,1,2,4,6,1,5,16
2023,2023-10-01,738794,10,3,1,2,4,6,1,7,18
2023,2023-09-01,738764,9,3,1,2,4,6,1,3,6
2023,2023-09-01,738764,9,3,1,3,4,6,1,1,3
2024,2024-12-01,739221,12,3,1,2,4,6,1,4,37
2024,2024-01-01,738886,1,3,1,2,4,6,1,10,25
2024,2024-11-01,739191,11,3,1,2,4,6,1,3,18
2024,2024-10-01,739160,10,3,1,2,4,6,1,5,27
2019,2019-12-01,737394,12,3,2,2,4,23,1,1,0
2019,2019-02-01,737091,2,3,2,2,4,23,1,1,2
2020,2020-08-01,737638,8,3,2,2,4,23,1,1,2
2020,2020-12-01,737760,12,3,2,2,4,23,1,1,3
2020,2020-07-01,737607,7,3,2,2,4,23,1,1,0
2020,2020-06-01,737577,6,3,2,2,4,23,1,1,2
2020,2020-03-01,737485,3,3,2,2,4,23,1,1,0
2020,2020-05-01,737546,5,3,2,2,4,23,1,1,0
2020,2020-11-01,737730,11,3,2,2,4,23,1,1,0
2021,2021-04-01,737881,4,3,2,2,4,23,1,3,29
2021,2021-08-01,738003,8,3,2,2,4,23,1,4,2
2021,2021-02-01,737822,2,3,2,2,4,23,1,1,0
2021,2021-07-01,737972,7,3,2,2,4,23,1,3,3
2021,2021-06-01,737942,6,3,2,2,4,23,1,5,0
2021,2021-03-01,737850,3,3,2,2,4,23,1,3,2
2021,2021-09-01,738034,9,3,2,2,4,23,1,4,14
2022,2022-04-01,738246,4,3,2,2,4,23,1,2,0
2022,2022-08-01,738368,8,3,2,2,4,23,1,6,13
2022,2022-02-01,738187,2,3,2,2,4,23,1,5,0
2022,2022-01-01,738156,1,3,2,2,4,23,1,8,46
2022,2022-07-01,738337,7,3,2,2,4,23,1,2,0
2022,2022-06-01,738307,6,3,2,2,4,23,1,3,1
2022,2022-03-01,738215,3,3,2,2,4,23,1,2,0
2022,2022-05-01,738276,5,3,2,2,4,23,1,4,2
2022,2022-11-01,738460,11,3,2,2,4,23,1,2,0
2022,2022-10-01,738429,10,3,2,2,4,23,1,6,1
2022,2022-09-01,738399,9,3,2,2,4,23,1,5,0
2023,2023-04-01,738611,4,3,2,2,4,23,1,6,0
2023,2023-08-01,738733,8,3,2,2,4,23,1,3,0
2023,2023-12-01,738855,12,3,2,2,4,23,1,3,0
2023,2023-02-01,738552,2,3,2,2,4,23,1,6,0
2023,2023-07-01,738702,7,3,2,2,4,23,1,1,0
2023,2023-03-01,738580,3,3,2,2,4,23,1,6,0
2023,2023-11-01,738825,11,3,2,2,4,23,1,3,2
2023,2023-10-01,738794,10,3,2,2,4,23,1,2,0
2024,2024-11-01,739191,11,3,2,2,4,23,1,3,0
2019,2019-08-01,737272,8,2,2,2,42,48,1,1,0
2020,2020-05-01,737546,5,2,2,2,42,48,1,1,0
2021,2021-02-01,737822,2,2,2,2,42,48,1,2,0
2022,2022-12-01,738490,12,2,2,2,42,48,1,1,0
2022,2022-11-01,738460,11,2,2,2,42,48,1,1,0
2022,2022-10-01,738429,10,2,2,2,42,48,1,1,0
2023,2023-04-01,738611,4,2,2,2,42,48,1,1,0
2023,2023-07-01,738702,7,2,2,2,42,48,1,2,0
2023,2023-03-01,738580,3,2,2,2,42,48,1,1,0
2023,2023-05-01,738641,5,2,2,2,42,48,1,3,0
2023,2023-10-01,738794,10,2,2,2,42,48,1,1,0
2019,2019-02-01,737091,2,2,1,3,33,42,1,1,0
2019,2019-06-01,737211,6,2,1,2,33,42,1,1,0
2019,2019-03-01,737119,3,2,1,3,33,42,1,4,0
2019,2019-10-01,737333,10,2,1,2,33,42,1,2,0
2019,2019-09-01,737303,9,2,1,3,33,42,1,55,0
2020,2020-04-01,737516,4,2,1,3,33,42,1,4,0
2020,2020-08-01,737638,8,2,1,2,33,42,1,1,0
2020,2020-02-01,737456,2,2,1,3,33,42,1,17,0
2020,2020-06-01,737577,6,2,1,2,33,42,1,1,0
2020,2020-03-01,737485,3,2,1,2,33,42,1,1,0
2020,2020-03-01,737485,3,2,1,3,33,42,1,15,0
2020,2020-10-01,737699,10,2,1,3,33,42,1,2,0
2021,2021-08-01,738003,8,2,1,3,33,42,1,1,0
2021,2021-05-01,737911,5,2,1,2,33,42,1,1,0
2022,2022-04-01,738246,4,2,1,2,33,42,1,11,2
2022,2022-04-01,738246,4,2,1,3,33,42,1,8,0
2022,2022-02-01,738187,2,2,1,3,33,42,1,1,0
2022,2022-03-01,738215,3,2,1,3,33,42,1,37,2
2022,2022-11-01,738460,11,2,1,3,33,42,1,2,0
2022,2022-10-01,738429,10,2,1,2,33,42,1,2,0
2022,2022-10-01,738429,10,2,1,3,33,42,1,6,0
2023,2023-10-01,738794,10,2,1,2,33,42,1,1,0
2023,2023-09-01,738764,9,2,1,3,33,42,1,1,0
2024,2024-12-01,739221,12,2,1,2,33,42,1,1,0
2019,2019-02-01,737091,2,2,2,2,33,49,1,1,0
2020,2020-09-01,737669,9,2,2,2,33,49,1,1,0
2023,2023-02-01,738552,2,2,2,2,33,49,1,1,0
2023,2023-05-01,738641,5,2,2,2,33,49,1,1,0
2024,2024-10-01,739160,10,2,2,2,33,49,1,1,0
2019,2019-11-01,737364,11,1,2,3,39,50,1,1,0
2019,2019-10-01,737333,10,2,2,2,27,36,1,1,0
2020,2020-02-01,737456,2,2,2,2,27,36,1,1,0
2020,2020-01-01,737425,1,2,2,2,27,36,1,2,0
2021,2021-02-01,737822,2,2,2,2,27,36,1,1,13
2021,2021-07-01,737972,7,2,2,2,27,36,1,1,0
2021,2021-05-01,737911,5,2,2,2,27,36,1,1,0
2022,2022-04-01,738246,4,2,2,2,27,36,1,1,0
2022,2022-02-01,738187,2,2,2,2,27,36,1,1,0
2023,2023-09-01,738764,9,2,2,2,27,36,1,1,0
2020,2020-08-01,737638,8,1,1,3,11,14,1,1,0
2020,2020-06-01,737577,6,1,1,3,11,14,1,1,0
2021,2021-04-01,737881,4,1,1,3,11,14,1,2,0
2021,2021-08-01,738003,8,1,1,3,11,14,1,1,0
2021,2021-01-01,737791,1,1,1,3,11,14,1,1,174
2022,2022-07-01,738337,7,1,1,3,11,14,1,1,1
2022,2022-06-01,738307,6,1,1,3,11,14,1,1,5
2022,2022-03-01,738215,3,1,1,3,11,14,1,7,0
2022,2022-05-01,738276,5,1,1,3,11,14,1,1,1
2022,2022-10-01,738429,10,1,1,3,11,14,1,1,9
2023,2023-06-01,738672,6,1,1,3,11,14,1,1,0
2024,2024-10-01,739160,10,1,1,3,11,14,1,1,318
2022,2022-04-01,738246,4,1,3,3,11,57,1,1,0
2022,2022-08-01,738368,8,1,3,3,11,57,1,1,0
2022,2022-01-01,738156,1,1,3,3,11,57,1,3,0
2023,2023-11-01,738825,11,1,3,3,11,57,1,1,0
2020,2020-06-01,737577,6,2,2,2,24,33,1,1,22
2021,2021-06-01,737942,6,2,2,2,24,33,1,1,0
2021,2021-10-01,738064,10,2,2,2,24,33,1,1,0
2022,2022-06-01,738307,6,2,2,2,24,33,1,1,3
2023,2023-02-01,738552,2,2,2,2,24,33,1,1,0
2023,2023-06-01,738672,6,2,2,2,24,33,1,1,0
2023,2023-03-01,738580,3,2,2,2,24,33,1,2,0
2023,2023-10-01,738794,10,2,2,2,24,33,1,1,0
2024,2024-12-01,739221,12,2,2,2,24,33,1,1,0
2024,2024-01-01,738886,1,2,2,2,24,33,1,1,0
2021,2021-04-01,737881,4,3,2,2,20,26,1,1,0
2021,2021-05-01,737911,5,3,2,2,20,26,1,1,2
2021,2021-09-01,738034,9,3,2,2,20,26,1,1,0
2022,2022-08-01,738368,8,3,2,2,20,26,1,2,0
2022,2022-12-01,738490,12,3,2,2,20,26,1,1,0
2022,2022-03-01,738215,3,3,2,2,20,26,1,1,2
2022,2022-11-01,738460,11,3,2,2,20,26,1,1,2
2022,2022-10-01,738429,10,3,2,2,20,26,1,2,0
2023,2023-04-01,738611,4,3,2,2,20,26,1,1,31
2023,2023-08-01,738733,8,3,2,2,20,26,1,3,0
2023,2023-12-01,738855,12,3,2,2,20,26,1,1,2
2023,2023-02-01,738552,2,3,2,2,20,26,1,2,2
2023,2023-07-01,738702,7,3,2,2,20,26,1,1,9
2023,2023-06-01,738672,6,3,2,2,20,26,1,1,0
2023,2023-03-01,738580,3,3,2,2,20,26,1,1,2
2023,2023-05-01,738641,5,3,2,2,20,26,1,1,0
2023,2023-11-01,738825,11,3,2,2,20,26,1,2,0
2023,2023-09-01,738764,9,3,2,2,20,26,1,1,0
2024,2024-12-01,739221,12,3,2,2,20,26,1,4,5
2024,2024-01-01,738886,1,3,2,2,20,26,1,4,10
2024,2024-11-01,739191,11,3,2,2,20,26,1,1,2
2024,2024-10-01,739160,10,3,2,2,20,26,1,1,0
2021,2021-08-01,738003,8,2,1,2,41,58,1,1,0
2021,2021-01-01,737791,1,2,1,3,41,58,1,1,0
2022,2022-04-01,738246,4,2,1,2,41,58,1,1,0
2022,2022-12-01,738490,12,2,1,2,41,58,1,1,0
2022,2022-02-01,738187,2,2,1,2,41,58,1,1,0
2022,2022-11-01,738460,11,2,1,2,41,58,1,1,0
2022,2022-10-01,738429,10,2,1,2,41,58,1,1,0
2023,2023-04-01,738611,4,2,1,3,41,58,1,1,0
2023,2023-01-01,738521,1,2,1,2,41,58,1,1,0
2023,2023-05-01,738641,5,2,1,3,41,58,1,1,0
2021,2021-12-01,738125,12,2,2,2,43,56,1,1,0
2022,2022-08-01,738368,8,2,2,2,43,56,1,2,0
2022,2022-10-01,738429,10,2,2,2,43,56,1,1,0
2022,2022-09-01,738399,9,2,2,2,43,56,1,1,0
2023,2023-01-01,738521,1,2,2,2,43,56,1,1,0
2022,2022-04-01,738246,4,1,1,3,25,34,1,1,1
2022,2022-08-01,738368,8,1,1,3,25,34,1,2,1
2022,2022-12-01,738490,12,1,1,3,25,34,1,3,4
2022,2022-02-01,738187,2,1,1,3,25,34,1,2,0
2022,2022-07-01,738337,7,1,1,3,25,34,1,1,0
2022,2022-06-01,738307,6,1,1,3,25,34,1,1,0
2022,2022-05-01,738276,5,1,1,3,25,34,1,2,0
2023,2023-04-01,738611,4,1,1,3,25,34,1,1,0
2023,2023-11-01,738825,11,1,1,3,25,34,1,2,9
2024,2024-01-01,738886,1,1,1,3,25,34,1,2,3
2022,2022-02-01,738187,2,1,1,3,26,35,1,1,0
2023,2023-04-01,738611,4,1,1,3,26,35,1,1,12
2023,2023-06-01,738672,6,1,1,3,26,35,1,2,3
2023,2023-03-01,738580,3,1,1,3,26,35,1,1,0
2023,2023-10-01,738794,10,1,1,3,26,35,1,1,0
2024,2024-01-01,738886,1,1,1,3,26,35,1,2,0
2022,2022-02-01,738187,2,3,2,2,30,41,1,1,0
2023,2023-05-01,738641,5,3,2,2,30,41,1,1,0
2023,2023-10-01,738794,10,3,2,2,30,41,1,1,5
2023,2023-09-01,738764,9,3,2,2,30,41,1,1,0
2024,2024-01-01,738886,1,3,2,2,30,41,1,1,0
2024,2024-11-01,739191,11,3,2,2,30,41,1,1,0
2022,2022-06-01,738307,6,1,1,3,40,52,1,1,0
2023,2023-01-01,738521,1,2,2,2,36,55,1,1,0
2024,2024-01-01,738886,1,2,2,2,36,55,1,2,0
2019,2019-04-01,737150,4,2,3,1,12,15,1,3,1
2019,2019-04-01,737150,4,2,3,3,12,15,1,1,0
2019,2019-08-01,737272,8,2,3,1,12,15,1,1,0
2019,2019-08-01,737272,8,2,3,3,12,15,1,2,25
2019,2019-12-01,737394,12,2,3,1,12,15,1,2,0
2019,2019-02-01,737091,2,2,3,1,12,15,1,3,0
2019,2019-01-01,737060,1,2,3,1,12,15,1,3,0
2019,2019-07-01,737241,7,2,3,1,12,15,1,3,0
2019,2019-06-01,737211,6,2,3,1,12,15,1,3,0
2019,2019-03-01,737119,3,2,3,1,12,15,1,1,0
2019,2019-11-01,737364,11,2,3,1,12,15,1,2,0
2019,2019-10-01,737333,10,2,3,1,12,15,1,6,13
2020,2020-08-01,737638,8,2,3,1,12,15,1,2,0
2020,2020-08-01,737638,8,2,3,3,12,15,1,3,22
2020,2020-06-01,737577,6,2,3,3,12,15,1,2,28
2020,2020-03-01,737485,3,2,3,1,12,15,1,1,0
2020,2020-05-01,737546,5,2,3,1,12,15,1,1,0
2020,2020-11-01,737730,11,2,3,1,12,15,1,5,2
2020,2020-10-01,737699,10,2,3,1,12,15,1,4,91
2020,2020-09-01,737669,9,2,3,1,12,15,1,2,6
2020,2020-09-01,737669,9,2,3,3,12,15,1,6,12
2021,2021-04-01,737881,4,2,3,1,12,15,1,2,2
2021,2021-08-01,738003,8,2,3,1,12,15,1,2,0
2021,2021-12-01,738125,12,2,3,3,12,15,1,1,1
2021,2021-02-01,737822,2,2,3,1,12,15,1,1,0
2021,2021-02-01,737822,2,2,3,3,12,15,1,2,0
2021,2021-01-01,737791,1,2,3,1,12,15,1,1,0
2021,2021-07-01,737972,7,2,3,1,12,15,1,2,4
2021,2021-07-01,737972,7,2,3,3,12,15,1,4,4
2021,2021-03-01,737850,3,2,3,3,12,15,1,11,98
2021,2021-11-01,738095,11,2,3,1,12,15,1,4,13
2021,2021-09-01,738034,9,2,3,1,12,15,1,3,2
2021,2021-09-01,738034,9,2,3,3,12,15,1,2,4
2022,2022-04-01,738246,4,2,3,1,12,15,1,3,5
2022,2022-04-01,738246,4,2,3,3,12,15,1,1,2
2022,2022-08-01,738368,8,2,3,3,12,15,1,1,4
2022,2022-01-01,738156,1,2,3,3,12,15,1,4,14
2022,2022-06-01,738307,6,2,3,1,12,15,1,2,0
2022,2022-03-01,738215,3,2,3,1,12,15,1,3,0
2022,2022-03-01,738215,3,2,3,3,12,15,1,2,9
2022,2022-05-01,738276,5,2,3,1,12,15,1,1,0
2022,2022-11-01,738460,11,2,3,1,12,15,1,2,0
2022,2022-10-01,738429,10,2,3,1,12,15,1,1,0
2022,2022-09-01,738399,9,2,3,1,12,15,1,2,0
2022,2022-09-01,738399,9,2,3,3,12,15,1,2,9
2023,2023-04-01,738611,4,2,3,1,12,15,1,3,6
2023,2023-04-01,738611,4,2,3,3,12,15,1,3,2
2023,2023-08-01,738733,8,2,3,1,12,15,1,2,2
2023,2023-08-01,738733,8,2,3,3,12,15,1,11,2
2023,2023-12-01,738855,12,2,3,1,12,15,1,2,0
2023,2023-02-01,738552,2,2,3,1,12,15,1,2,2
2023,2023-01-01,738521,1,2,3,3,12,15,1,1,12
2023,2023-07-01,738702,7,2,3,1,12,15,1,2,1
2023,2023-07-01,738702,7,2,3,3,12,15,1,2,2
2023,2023-06-01,738672,6,2,3,1,12,15,1,2,4
2023,2023-06-01,738672,6,2,3,3,12,15,1,10,3
2023,2023-03-01,738580,3,2,3,1,12,15,1,5,3
2023,2023-05-01,738641,5,2,3,1,12,15,1,2,1
2023,2023-05-01,738641,5,2,3,3,12,15,1,2,29
2023,2023-11-01,738825,11,2,3,1,12,15,1,2,0
2023,2023-10-01,738794,10,2,3,1,12,15,1,1,0
2023,2023-09-01,738764,9,2,3,1,12,15,1,2,0
2023,2023-09-01,738764,9,2,3,3,12,15,1,1,0
2024,2024-01-01,738886,1,2,3,1,12,15,1,1,1
2024,2024-11-01,739191,11,2,3,1,12,15,1,1,0
2024,2024-11-01,739191,11,2,3,3,12,15,1,1,0
2024,2024-10-01,739160,10,2,3,1,12,15,1,2,2
2019,2019-08-01,737272,8,2,3,1,3,5,1,1,0
2019,2019-12-01,737394,12,2,3,1,3,5,1,1,0
2020,2020-04-01,737516,4,2,3,1,3,5,1,1,6
2020,2020-08-01,737638,8,2,3,1,3,5,1,1,9
2020,2020-02-01,737456,2,2,3,1,3,5,1,1,0
2020,2020-01-01,737425,1,2,3,1,3,5,1,1,0
2020,2020-07-01,737607,7,2,3,1,3,5,1,1,6
2020,2020-06-01,737577,6,2,3,1,3,5,1,2,0
2020,2020-05-01,737546,5,2,3,1,3,5,1,1,0
2020,2020-09-01,737669,9,2,3,1,3,5,1,1,0
2021,2021-04-01,737881,4,2,3,1,3,5,1,1,0
2021,2021-08-01,738003,8,2,3,1,3,5,1,3,0
2021,2021-12-01,738125,12,2,3,1,3,5,1,1,0
2021,2021-02-01,737822,2,2,3,1,3,5,1,1,1
2021,2021-01-01,737791,1,2,3,1,3,5,1,2,0
2021,2021-07-01,737972,7,2,3,1,3,5,1,2,0
2021,2021-06-01,737942,6,2,3,1,3,5,1,3,0
2021,2021-03-01,737850,3,2,3,1,3,5,1,3,90
2021,2021-05-01,737911,5,2,3,1,3,5,1,5,1
2021,2021-10-01,738064,10,2,3,1,3,5,1,3,4
2021,2021-09-01,738034,9,2,3,1,3,5,1,6,8
2022,2022-04-01,738246,4,2,3,1,3,5,1,2,29
2022,2022-08-01,738368,8,2,3,1,3,5,1,6,9
2022,2022-12-01,738490,12,2,3,1,3,5,1,2,0
2022,2022-02-01,738187,2,2,3,1,3,5,1,15,34
2022,2022-01-01,738156,1,2,3,1,3,5,1,2,2
2022,2022-07-01,738337,7,2,3,1,3,5,1,107,82
2022,2022-06-01,738307,6,2,3,1,3,5,1,4,3
2022,2022-03-01,738215,3,2,3,1,3,5,1,11,84
2022,2022-11-01,738460,11,2,3,1,3,5,1,7,11
2022,2022-10-01,738429,10,2,3,1,3,5,1,2,6
2022,2022-09-01,738399,9,2,3,1,3,5,1,9,18
2023,2023-04-01,738611,4,2,3,1,3,5,1,7,66
2023,2023-08-01,738733,8,2,3,1,3,5,1,4,7
2023,2023-02-01,738552,2,2,3,1,3,5,1,2,0
2023,2023-01-01,738521,1,2,3,1,3,5,1,6,1
2023,2023-07-01,738702,7,2,3,1,3,5,1,6,25
2023,2023-06-01,738672,6,2,3,1,3,5,1,13,104
2023,2023-03-01,738580,3,2,3,1,3,5,1,10,50
2023,2023-05-01,738641,5,2,3,1,3,5,1,1,0
2023,2023-11-01,738825,11,2,3,1,3,5,1,2,1
2023,2023-10-01,738794,10,2,3,1,3,5,1,12,6
2023,2023-09-01,738764,9,2,3,1,3,5,1,1,6
2024,2024-12-01,739221,12,2,3,1,3,5,1,2,11
2024,2024-01-01,738886,1,2,3,1,3,5,1,1,518
2024,2024-11-01,739191,11,2,3,1,3,5,1,1,533
2024,2024-10-01,739160,10,2,3,1,3,5,1,2,4
2019,2019-12-01,737394,12,3,3,1,35,46,1,1,2
2019,2019-02-01,737091,2,1,3,3,15,18,1,1,17
2019,2019-03-01,737119,3,1,3,3,15,18,1,1,19
2019,2019-11-01,737364,11,1,3,3,15,18,1,1,0
2019,2019-10-01,737333,10,1,3,3,15,18,1,2,224
2020,2020-06-01,737577,6,1,3,3,15,18,1,5,8
2021,2021-04-01,737881,4,1,3,3,15,18,1,2,0
2021,2021-05-01,737911,5,1,3,3,15,18,1,4,0
2022,2022-04-01,738246,4,1,3,3,15,18,1,1,0
2022,2022-02-01,738187,2,1,3,3,15,18,1,1,0
2019,2019-06-01,737211,6,1,3,3,22,31,1,1,0
2019,2019-03-01,737119,3,1,3,3,22,31,1,1,0
2019,2019-05-01,737180,5,1,3,3,22,31,1,1,15
2019,2019-11-01,737364,11,1,3,3,22,31,1,1,4
2020,2020-04-01,737516,4,1,3,3,22,31,1,1,0
2020,2020-08-01,737638,8,1,3,3,22,31,1,1,0
2020,2020-10-01,737699,10,1,3,3,22,31,1,1,0
2020,2020-09-01,737669,9,1,3,3,22,31,1,2,0
2021,2021-04-01,737881,4,1,3,3,22,31,1,2,0
2021,2021-06-01,737942,6,1,3,3,22,31,1,2,1
2021,2021-03-01,737850,3,1,3,3,22,31,1,1,0
2022,2022-08-01,738368,8,1,3,3,22,31,1,1,0
2022,2022-12-01,738490,12,1,3,3,22,31,1,3,0
2022,2022-02-01,738187,2,1,3,3,22,31,1,3,0
2022,2022-01-01,738156,1,1,3,3,22,31,1,1,0
2022,2022-07-01,738337,7,1,3,3,22,31,1,1,2
2022,2022-06-01,738307,6,1,3,3,22,31,1,2,0
2022,2022-03-01,738215,3,1,3,3,22,31,1,4,1
2022,2022-05-01,738276,5,1,3,3,22,31,1,1,4
2022,2022-11-01,738460,11,1,3,3,22,31,1,1,0
2022,2022-10-01,738429,10,1,3,3,22,31,1,1,0
2023,2023-04-01,738611,4,1,3,3,22,31,1,1,0
2023,2023-08-01,738733,8,1,3,3,22,31,1,2,0
2023,2023-12-01,738855,12,1,3,3,22,31,1,3,0
2023,2023-01-01,738521,1,1,3,3,22,31,1,3,1
2023,2023-07-01,738702,7,1,3,3,22,31,1,10,3
2023,2023-03-01,738580,3,1,3,3,22,31,1,2,0
2023,2023-11-01,738825,11,1,3,3,22,31,1,1,0
2023,2023-10-01,738794,10,1,3,3,22,31,1,3,0
2023,2023-09-01,738764,9,1,3,3,22,31,1,2,0
2024,2024-01-01,738886,1,1,3,3,22,31,1,1,0
2024,2024-11-01,739191,11,1,3,3,22,31,1,1,0
2024,2024-10-01,739160,10,1,3,3,22,31,1,1,0
2019,2019-11-01,737364,11,2,3,3,8,11,1,1,11
2019,2019-10-01,737333,10,2,3,3,8,11,1,2,3
2020,2020-02-01,737456,2,2,3,3,8,11,1,1,0
2020,2020-05-01,737546,5,2,3,1,8,11,1,4,2
2020,2020-11-01,737730,11,2,3,3,8,11,1,2,31
2020,2020-10-01,737699,10,2,3,3,8,11,1,2,37
2021,2021-08-01,738003,8,2,3,3,8,11,1,3,19
2021,2021-12-01,738125,12,2,3,3,8,11,1,3,17
2021,2021-02-01,737822,2,2,3,3,8,11,1,1,0
2021,2021-07-01,737972,7,2,3,3,8,11,1,7,31
2021,2021-05-01,737911,5,2,3,3,8,11,1,1,2
2021,2021-10-01,738064,10,2,3,3,8,11,1,1,17
2021,2021-09-01,738034,9,2,3,3,8,11,1,1,5
2022,2022-12-01,738490,12,2,3,3,8,11,1,6,0
2022,2022-02-01,738187,2,2,3,1,8,11,1,3,0
2022,2022-01-01,738156,1,2,3,1,8,11,1,2,0
2022,2022-01-01,738156,1,2,3,3,8,11,1,6,167
2022,2022-07-01,738337,7,2,3,1,8,11,1,3,0
2022,2022-03-01,738215,3,2,3,1,8,11,1,3,0
2022,2022-03-01,738215,3,2,3,3,8,11,1,2,8
2022,2022-11-01,738460,11,2,3,3,8,11,1,1,5
2022,2022-10-01,738429,10,2,3,3,8,11,1,3,30
2023,2023-04-01,738611,4,2,3,3,8,11,1,3,32
2023,2023-12-01,738855,12,2,3,3,8,11,1,1,0
2023,2023-02-01,738552,2,2,3,3,8,11,1,1,0
2023,2023-01-01,738521,1,2,3,3,8,11,1,12,9
2023,2023-07-01,738702,7,2,3,3,8,11,1,4,44
2023,2023-06-01,738672,6,2,3,1,8,11,1,1,0
2023,2023-06-01,738672,6,2,3,3,8,11,1,5,4
2023,2023-03-01,738580,3,2,3,3,8,11,1,2,0
2023,2023-05-01,738641,5,2,3,3,8,11,1,13,19
2023,2023-11-01,738825,11,2,3,1,8,11,1,1,0
2023,2023-11-01,738825,11,2,3,3,8,11,1,8,19
2023,2023-10-01,738794,10,2,3,3,8,11,1,3,105
2024,2024-01-01,738886,1,2,3,3,8,11,1,1,0
2024,2024-11-01,739191,11,2,3,3,8,11,1,1,0
2024,2024-10-01,739160,10,2,3,1,8,11,1,1,0
2024,2024-10-01,739160,10,2,3,3,8,11,1,6,115
2020,2020-04-01,737516,4,1,3,3,14,17,1,2,29
2020,2020-03-01,737485,3,1,3,3,14,17,1,2,13
2020,2020-05-01,737546,5,1,3,3,14,17,1,2,44
2021,2021-02-01,737822,2,1,3,3,14,17,1,1,14
2021,2021-05-01,737911,5,1,3,3,14,17,1,1,130
2022,2022-04-01,738246,4,1,3,3,14,17,1,1,109
2022,2022-11-01,738460,11,1,3,3,14,17,1,1,89
2020,2020-02-01,737456,2,3,3,1,16,20,1,1,0
2020,2020-07-01,737607,7,3,3,1,16,20,1,1,0
2020,2020-05-01,737546,5,3,3,1,16,20,1,1,0
2021,2021-01-01,737791,1,3,3,1,16,20,1,1,0
2021,2021-05-01,737911,5,3,3,1,16,20,1,1,0
2021,2021-11-01,738095,11,3,3,1,16,20,1,2,9
2022,2022-04-01,738246,4,3,3,1,16,20,1,2,0
2022,2022-11-01,738460,11,3,3,1,16,20,1,5,29
2022,2022-09-01,738399,9,3,3,1,16,20,1,1,0
2023,2023-12-01,738855,12,3,3,1,16,20,1,6,0
2023,2023-02-01,738552,2,3,3,1,16,20,1,2,7
2023,2023-01-01,738521,1,3,3,1,16,20,1,12,139
2023,2023-06-01,738672,6,3,3,1,16,20,1,3,24
2020,2020-07-01,737607,7,1,3,3,13,16,1,1,0
2021,2021-06-01,737942,6,1,3,3,13,16,1,1,0
2021,2021-10-01,738064,10,1,3,3,13,16,1,1,9
2022,2022-01-01,738156,1,1,3,3,13,16,1,1,63
2022,2022-03-01,738215,3,1,3,3,13,16,1,1,125
2023,2023-11-01,738825,11,1,3,3,13,16,1,2,238
2020,2020-09-01,737669,9,1,3,3,44,53,1,1,0
2021,2021-08-01,738003,8,3,3,1,28,38,1,1,0
2022,2022-12-01,738490,12,3,3,1,28,38,1,1,12
2022,2022-09-01,738399,9,3,3,1,28,38,1,1,0
2023,2023-08-01,738733,8,3,3,1,28,38,1,1,0
2023,2023-11-01,738825,11,3,3,1,28,38,1,1,0
2021,2021-06-01,737942,6,2,3,1,37,54,1,1,0
2021,2021-05-01,737911,5,2,3,1,37,54,1,1,0
2022,2022-09-01,738399,9,2,3,1,37,54,1,4,0
2023,2023-08-01,738733,8,2,3,1,37,54,1,3,0
2023,2023-02-01,738552,2,2,3,1,37,54,1,1,0
2023,2023-03-01,738580,3,2,3,1,37,54,1,1,0
2023,2023-05-01,738641,5,2,3,1,37,54,1,4,0
2023,2023-10-01,738794,10,2,3,1,37,54,1,3,0
2023,2023-05-01,738641,5,3,3,1,31,45,1,2,4
